00 10 50759 6|FRANCO TNNE TERRE CUIT|4.00|3.50|1.50|4.00|4.00|OUI||
00 10 50863 0|STE BRACAP|4.00|3.50|1.50|4.00|4.00|OUI||
00 10 50994 7|STE ALEX WEAR|4.00|3.50|1.50|4.00|4.00|OUI||
00 10 51258 1|STE IES|4.00|3.50|1.50|4.00|4.00|OUI||
00 10 51455 0|LA PRATIQUE ELECTRONIQUE|4.00|3.50|1.50|4.00|4.00|OUI||
00 10 51572 6|STE A.D.R  ATELIER DES REVES S|4.00|3.50|1.50|4.00|4.00|OUI||
00 10 51592 0|BETATEX|4.00|3.50|1.50|4.00|4.00|OUI||
00 10 51671 4|SOCIETE BETATEX|4.00|3.50|1.50|4.00|4.00|OUI||
00 32 00241 2|STE MARKETING SERVICE CENTRAL|4.00|3.50|1.50|4.00|4.00|OUI||
00 50 99048 6|SET RACING HORSE|4.00|3.50|1.50|4.00|4.00|OUI||
00 50 99286 1|SOTUMAC|4.00|3.50|1.50|4.00|4.00|OUI||
00 50 99330 2|FLEXYFORM|4.00|3.50|1.50|4.00|4.00|OUI||
00 50 99442 2|LOREN SHOES|4.00|3.50|1.50|4.00|4.00|OUI||
00 50 99502 0|STE CONFECTION DE LA ROSE|4.00|3.50|1.50|4.00|4.00|OUI||
00 50 99505 4|STE ARBATEX ITALIA|4.00|3.50|1.50|4.00|4.00|OUI||
00 50 99534 8|STE MIMEA SERVICES|4.00|3.50|1.50|4.00|4.00|OUI||
00 50 99535 6|STE MIMEA PLASTURGIE|4.00|3.50|1.50|4.00|4.00|OUI||
00 50 99536 4|STE MIMEA TUNISIE|4.00|3.50|1.50|4.00|4.00|OUI||
00 50 99548 8|STE IDEAL CHAUSSURES|4.00|3.50|1.50|4.00|4.00|OUI||
00 50 99573 9|STE LEADER SHOES|4.00|3.50|1.50|4.00|4.00|OUI||
00 50 99655 7|STE COOL SARL|4.00|3.50|1.50|4.00|4.00|OUI||
00 51 00068 4|RACING HORSE|4.00|3.50|1.50|4.00|4.00|OUI||
00 51 00147 8|LOREN SHOES|4.00|3.50|1.50|4.00|4.00|OUI||
00 51 00220 2|STE ALLUX INJECTION|4.00|3.50|1.50|4.00|4.00|OUI||
00 51 00237 7|STE ARBATEX ITALIA|4.00|3.50|1.50|4.00|4.00|OUI||
00 51 00247 4|STE IDEAL CHAUSSURES|4.00|3.50|1.50|4.00|4.00|OUI||
00 51 00248 2|STE ART MARTIN TUNISIE|4.00|3.50|1.50|4.00|4.00|OUI||
00 51 00265 2|STE LEADER SHOES|4.00|3.50|1.50|4.00|4.00|OUI||
00 51 00347 0|STE COOL SARL|4.00|3.50|1.50|4.00|4.00|OUI||
00 59 00004 7|BROCAP|4.00|3.50|1.50|4.00|4.00|OUI||
00 59 00012 8|STE A.D.R  ATELIER DES REVES S|4.00|3.50|1.50|4.00|4.00|OUI||
00 63 35024 9|STE LOREN SHOES SARL|4.00|3.50|1.50|4.00|4.00|OUI||
01 50 00020 3|STE AUTOMOTIVE ITAL CONNECTION|4.00|3.50|1.50|4.00|4.00|OUI||
01 50 00131 5|STE PRESTIGE SA|4.00|3.50|1.50|4.00|4.00|OUI||
01 50 99610 4|STE STICAB|4.00|3.50|1.50|4.00|4.00|OUI||
01 50 99620 1|RIOS|4.00|3.50|1.50|4.00|4.00|OUI||
01 50 99682 1|STE PM INDUSTRIE|4.00|3.50|1.50|4.00|4.00|OUI||
01 50 99805 0|GEMA|4.00|3.50|1.50|4.00|4.00|OUI||
01 50 99890 5|STE ELEBAS  SARL|4.00|3.50|1.50|4.00|4.00|OUI||
01 50 99913 8|STE EUROCONTENEURS|4.00|3.50|1.50|4.00|4.00|OUI||
01 50 99929 4|STE GEMA SARL|4.00|3.50|1.50|4.00|4.00|OUI||
01 51 00116 5|STE RIOS|4.00|3.50|1.50|4.00|4.00|OUI||
01 51 00125 4|STE PM INDUSTRIE|4.00|3.50|1.50|4.00|4.00|OUI||
01 51 00132 7|STE STICAB|4.00|3.50|1.50|4.00|4.00|OUI||
01 51 00173 4|STE GEMA SARL|4.00|3.50|1.50|4.00|4.00|OUI||
01 51 00267 6|STE EUROCONTENEURS|4.00|3.50|1.50|4.00|4.00|OUI||
01 51 00278 1|STE GEMA SARL|4.00|3.50|1.50|4.00|4.00|OUI||
01 51 00279 0|STE ELEBAS  SARL|4.00|3.50|1.50|4.00|4.00|OUI||
01 51 00381 8|STE AUTOMOTIVE ITAL CONNECTION|4.00|3.50|1.50|4.00|4.00|OUI||
01 63 00009 1|STE STICAB|4.00|3.50|1.50|4.00|4.00|OUI||
01 63 00010 5|STE RIOS|4.00|3.50|1.50|4.00|4.00|OUI||
01 63 00015 6|STE GEMA SARL|4.00|3.50|1.50|4.00|4.00|OUI||
01 63 00018 0|STE PM INDUSTRIE|4.00|3.50|1.50|4.00|4.00|OUI||
01 65 00001 3|STE PM INDUSTRIE|4.00|3.50|1.50|4.00|4.00|OUI||
02 10 00197 2|SOLUTIONS COMPOSITES|4.00|3.50|1.50|4.00|4.00|OUI||
02 10 00258 8|STE N.L.K|4.00|3.50|1.50|4.00|4.00|OUI||
02 50 00027 8|STE IMPRIMERIE EMA|4.00|3.50|1.50|4.00|4.00|OUI||
02 50 00030 8|STE TRAFOX|4.00|3.50|1.50|4.00|4.00|OUI||
02 50 00031 6|STE CABLEX|4.00|3.50|1.50|4.00|4.00|OUI||
02 50 00033 2|L ART DU SOULIER|4.00|3.50|1.50|4.00|4.00|OUI||
02 51 00017 4|SRE IMPRIMERIE EMA|4.00|3.50|1.50|4.00|4.00|OUI||
02 51 00020 4|STE TRAFOX|4.00|3.50|1.50|4.00|4.00|OUI||
02 51 00021 2|STE CABLEX|4.00|3.50|1.50|4.00|4.00|OUI||
02 51 00031 0|L ART DU SOULIER|4.00|3.50|1.50|4.00|4.00|OUI||
02 59 00002 5|STE SOLUTION COMPOSITES|4.00|3.50|1.50|4.00|4.00|OUI||
02 59 00005 0|STE N.L.K|4.00|3.50|1.50|4.00|4.00|OUI||
03 10 00238 0|STE KARMEX|2.00|.25|1.50|2.00|2.00|OUI||
03 10 00436 7|STE SODI EXPORT|4.00|3.50|1.50|4.00|4.00|OUI||
03 10 00494 4|STE J.C.K|4.00|3.50|1.50|4.00|4.00|OUI||
03 10 00627 0|STE MNIF COMMERCE STE MCI|4.00|3.50|1.50|4.00|4.00|OUI||
03 10 00726 9|STE  F. C. E|4.00|3.50|1.50|4.00|4.00|OUI||
03 10 00761 7|STE SOKAS SHOES|4.00|3.50|1.50|4.00|4.00|OUI||
03 32 00233 3|STE FCE SARL|4.00|3.50|1.50|4.00|4.00|OUI||
03 32 00235 0|STE MONDO JEANS|4.00|3.50|1.50|4.00|4.00|OUI||
03 50 00056 9|G T S|4.00|3.50|1.50|4.00|4.00|OUI||
03 50 00076 3|M E L|4.00|3.50|1.50|4.00|4.00|OUI||
03 50 00125 5|STE M S T|4.00|3.50|1.50|4.00|4.00|OUI||
03 50 00147 6|STE EDITO|4.00|3.50|1.50|4.00|4.00|OUI||
03 50 00164 6|EMBALTECH TUNISIE SARL|4.00|3.50|1.50|4.00|4.00|OUI||
03 50 00168 9|STE MONDO JEANS|4.00|3.50|1.50|4.00|4.00|OUI||
03 51 00037 6|M E L|4.00|3.50|1.50|4.00|4.00|OUI||
03 51 00079 1|GTS|4.00|3.50|1.50|4.00|4.00|OUI||
03 51 00110 0|STE M S T|4.00|3.50|1.50|4.00|4.00|OUI||
03 51 00133 0|EMBALTECH TUNISIE SARL|4.00|3.50|1.50|4.00|4.00|OUI||
03 51 00144 5|STE MONDO JEANS|4.00|3.50|1.50|4.00|4.00|OUI||
03 59 00003 0|STE SODI EXPORT|4.00|3.50|1.50|4.00|4.00|OUI||
03 59 00009 0|STE J.C.K|4.00|3.50|1.50|4.00|4.00|OUI||
03 59 00011 1|STE KARMEX SARL|4.00|3.50|1.50|4.00|4.00|OUI||
03 59 00016 2|STE MNIF COMMERCE INTERNATIONA|4.00|3.50|1.50|4.00|4.00|OUI||
03 59 00028 6|STE FCE SARL|4.00|3.50|1.50|4.00|4.00|OUI||
03 63 00003 7|STE MEL SARL|4.00|3.50|1.50|4.00|4.00|OUI||
04 10 00242 6|STE SASSI FRIGO|4.00|3.50|1.50|4.00|4.00|OUI||
04 10 00371 6|STE EL BARKA MODE|4.00|3.50|1.50|4.00|4.00|OUI||
04 50 00008 6|STE EFFE1|4.00|3.50|1.50|4.00|4.00|OUI||
04 50 00050 7|SOLITEX|4.00|3.50|1.50|4.00|4.00|OUI||
04 50 00055 8|PURICELLI TUNISIE|4.00|3.50|1.50|4.00|4.00|OUI||
04 50 00081 7|AVANTAGES 99|4.00|3.50|1.50|4.00|4.00|OUI||
04 51 00017 9|STE EFFE 1|4.00|3.50|1.50|4.00|4.00|OUI||
04 51 00044 6|SOLITEX|4.00|3.50|1.50|4.00|4.00|OUI||
04 51 00046 2|PURICELLI TUNISIE|4.00|3.50|1.50|4.00|4.00|OUI||
04 51 00050 0|STE PURICELLI TUNISIE|4.00|3.50|1.50|4.00|4.00|OUI||
04 51 00084 5|AVANTAGES 99|4.00|3.50|1.50|4.00|4.00|OUI||
04 59 00006 2|STE SASSI FRIGO|4.00|3.50|1.50|4.00|4.00|OUI||
04 59 00007 0|STE SASSI FRIGO|4.00|3.50|1.50|4.00|4.00|OUI||
04 59 00020 8|STE EL BARKA MODE|4.00|3.50|1.50|4.00|4.00|OUI||
04 62 00005 7|STE PURICELLI TUNISIE|4.00|3.50|1.50|4.00|4.00|OUI||
04 63 00003 4|SOLITEX|4.00|3.50|1.50|4.00|4.00|OUI||
04 63 00006 9|STE M S T|4.00|3.50|1.50|4.00|4.00|OUI||
05 10 00019 6|STE KORBATEX|4.00|3.50|1.50|4.00|4.00|OUI||
05 10 00166 4|TEXKO|4.00|3.50|1.50|4.00|4.00|OUI||
05 10 00256 3|ALTUTEX|4.00|3.50|1.50|4.00|4.00|OUI||
05 10 00491 4|STE ALTUTEX COMPANY|4.00|3.50|1.50|4.00|4.00|OUI||
05 10 00494 9|ALTUTEX  INTERNATIONAL|4.00|3.50|1.50|4.00|4.00|OUI||
05 10 00513 9|STE AYA SHOES|4.00|3.50|1.50|4.00|4.00|OUI||
05 10 00519 8|STE A M + COMPANY SARL|4.00|3.50|1.50|4.00|4.00|OUI||
05 10 00522 8|STE NADINE TEX|4.00|3.50|1.50|4.00|4.00|OUI||
05 32 00031 9|STE TEXKO SARL|4.00|3.50|1.50|4.00|4.00|OUI||
05 32 00035 1|STE TEXKO SARL|4.00|3.50|1.50|4.00|4.00|OUI||
05 50 00002 4|ALKATEX|4.00|3.50|1.50|4.00|4.00|OUI||
05 50 00003 2|STE NOVATEX|4.00|3.50|1.50|4.00|4.00|OUI||
05 50 00005 9|STE INTRATEX|4.00|3.50|1.50|4.00|4.00|OUI||
05 50 00006 7|STE ALROTEX|4.00|3.50|1.50|4.00|4.00|OUI||
05 50 00010 5|STE KATEX CONFECTION|4.00|3.50|1.50|4.00|4.00|OUI||
05 50 00036 9|G E MA|4.00|3.50|1.50|4.00|4.00|OUI||
05 50 00038 5|FRIES|4.00|3.50|1.50|4.00|4.00|OUI||
05 50 00042 3|STE KEMA|4.00|3.50|1.50|4.00|4.00|OUI||
05 50 00055 5|STE BENITEX|4.00|3.50|1.50|4.00|4.00|OUI||
05 50 00118 7|G T T|4.00|3.50|1.50|4.00|4.00|OUI||
05 50 00120 9|KATEX|4.00|3.50|1.50|4.00|4.00|OUI||
05 50 00123 3|STE CHAMA|4.00|3.50|1.50|4.00|4.00|OUI||
05 50 00125 0|STE FRIES COUTURE|4.00|3.50|1.50|4.00|4.00|OUI||
05 50 00133 0|STE F.J|4.00|3.50|1.50|4.00|4.00|OUI||
05 50 00137 3|STE CHAMA|4.00|3.50|1.50|4.00|4.00|OUI||
05 50 00149 7|STE SOGETEX|4.00|3.50|1.50|4.00|4.00|OUI||
05 50 00155 1|KAIMON SARL|4.00|3.50|1.50|4.00|4.00|OUI||
05 50 00200 0|RITUN SARL|4.00|3.50|1.50|4.00|4.00|OUI||
05 51 00002 8|STE NOVATEX|4.00|3.50|1.50|4.00|4.00|OUI||
05 51 00016 8|FRIES|4.00|3.50|1.50|4.00|4.00|OUI||
05 51 00021 4|STE FRIES TUNISIE|4.00|3.50|1.50|4.00|4.00|OUI||
05 51 00022 2|STE BENITEX|4.00|3.50|1.50|4.00|4.00|OUI||
05 51 00039 7|GEM A|4.00|3.50|1.50|4.00|4.00|OUI||
05 51 00045 1|STE F.J|4.00|3.50|1.50|4.00|4.00|OUI||
05 51 00047 8|STE FRIES COUTURE|4.00|3.50|1.50|4.00|4.00|OUI||
05 51 00058 3|STE SOGETEX|4.00|3.50|1.50|4.00|4.00|OUI||
05 51 00065 6|STE INTRATEX|4.00|3.50|1.50|4.00|4.00|OUI||
05 51 00069 9|RITUN SARL|4.00|3.50|1.50|4.00|4.00|OUI||
05 51 00071 0|STE CHAMA|4.00|3.50|1.50|4.00|4.00|OUI||
05 59 00001 9|STE TEXKO SARL|4.00|3.50|1.50|4.00|4.00|OUI||
05 59 00002 7|ALTUTEX  SARL|4.00|3.50|1.50|4.00|4.00|OUI||
05 59 00004 3|ALTUTEX  INTERNATIONAL|4.00|3.50|1.50|4.00|4.00|OUI||
05 59 00005 1|STE AYA SHOES|4.00|3.50|1.50|4.00|4.00|OUI||
05 63 00002 3|GONSER TEXTILE TRATEMENT GTT|4.00|3.50|1.50|4.00|4.00|OUI||
05 63 00005 8|ALTUTEX|4.00|3.50|1.50|4.00|4.00|OUI||
05 63 00006 6|STE MARKURY SARL|4.00|3.50|1.50|4.00|4.00|OUI||
05 63 00007 4|SOCIETE DES SARL|4.00|3.50|1.50|4.00|4.00|OUI||
05 63 00009 0|STE CHAMA SARL|4.00|3.50|1.50|4.00|4.00|OUI||
05 63 00011 2|STE CHAMA SARL|4.00|3.50|1.50|4.00|4.00|OUI||
05 63 00013 9|FRIES|4.00|3.50|1.50|4.00|4.00|OUI||
05 63 00014 7|INTRATEX|4.00|3.50|1.50|4.00|4.00|OUI||
06 10 00559 4|SINO VOG|4.00|3.50|1.50|4.00|4.00|OUI||
06 10 00704 0|RENDER INTERNATIONAL|4.00|3.50|1.50|4.00|4.00|OUI||
06 10 00843 7|STE A.E.C SARL|4.00|3.50|1.50|4.00|4.00|OUI||
06 32 00260 2|STE ARAB EXPORT COMPANY|4.00|3.50|1.50|4.00|4.00|OUI||
06 50 00172 9|ACDIMA|4.00|3.50|1.50|4.00|4.00|OUI||
06 50 00349 7|TRIO INTERNATIONAL TRADING|4.00|3.50|1.50|4.00|4.00|OUI||
06 51 00427 6|MEDITERRANEAN CONSULTING COMPA|4.00|3.50|1.50|4.00|4.00|OUI||
06 51 00428 4|MAGHREB CONSULTING COMPANY|4.00|3.50|1.50|4.00|4.00|OUI||
06 51 00429 2|CARTHAGE CONSULTING COMPANY|4.00|3.50|1.50|4.00|4.00|OUI||
06 51 00432 2|FOUR SIZE CONSULTING|4.00|3.50|1.50|4.00|4.00|OUI||
06 51 00439 0|STE INTER CONSULTING COMPANY|4.00|3.50|1.50|4.00|4.00|OUI||
06 51 00443 8|STE AGRO TUNIS|4.00|3.50|1.50|4.00|4.00|OUI||
06 51 00496 9|FOUR SIZE CONSULTING|4.00|3.50|1.50|4.00|4.00|OUI||
06 51 00501 9|TRIO INTERNATIONAL TRADING|4.00|3.50|1.50|4.00|4.00|OUI||
06 59 00015 6|SINO VOG|4.00|3.50|1.50|4.00|4.00|OUI||
06 59 00049 0|STE ARAB EXPORT COMPANY|4.00|3.50|1.50|4.00|4.00|OUI||
06 59 00050 4|STE ARAB EXPORT COMPANY|4.00|3.50|1.50|4.00|4.00|OUI||
08 10 00020 1|STE AFRICA EUROPE CONFECTION|4.00|3.50|1.50|4.00|4.00|OUI||
08 10 00055 4|W I C|4.00|3.50|1.50|4.00|4.00|OUI||
08 10 00113 5|STE P M P|4.00|3.50|1.50|4.00|4.00|OUI||
08 50 00019 0||4.00|3.50|1.50|4.00|4.00|OUI||
08 51 00026 7||4.00|3.50|1.50|4.00|4.00|OUI||
08 59 00001 0|STE AFRICA ERPOE CONFECTION|4.00|3.50|1.50|4.00|4.00|OUI||
08 59 00005 3|ELISSA FASHION WEAR|1.50|3.50|1.50|1.50|1.50|OUI||
08 59 00006 1|P M P|4.00|3.50|1.50|4.00|4.00|OUI||
08 63 00004 1||4.00|3.50|1.50|4.00|4.00|OUI||
09 10 00440 9|STE CTRA|4.00|3.50|1.50|4.00|4.00|OUI||
09 50 00122 4|STE UNITED GROUP TEX-TUNISIE|4.00|3.50|1.50|4.00|4.00|OUI||
09 51 00124 4|CTRA INTERNATIONAL|4.00|3.50|1.50|4.00|4.00|OUI||
09 53 00001 6|CTRA INTERNATIONAL|4.00|3.50|1.50|4.00|4.00|OUI||
09 59 00006 9|CTRA INTERNATIONAL|4.00|3.50|1.50|4.00|4.00|OUI||
12 10 00368 8|SOKECO SARL|4.00|3.50|1.50|.00|4.00|OUI||
12 10 00654 7|FIMCO|4.00|3.50|1.50|4.00|4.00|OUI||
12 10 00724 1|STE FINCO INTERNATIONAL|4.00|3.50|1.50|4.00|4.00|OUI||
12 10 00738 1|STE FIMA|4.00|3.50|1.50|4.00|4.00|OUI||
12 10 00739 0|DEM COSTRUCT|4.00|3.50|1.50|4.00|4.00|OUI||
12 50 00009 6|STE C I T G I|4.00|3.50|1.50|4.00|4.00|OUI||
12 50 00016 9|STE DEMCO|4.00|3.50|1.50|4.00|4.00|OUI||
12 50 00027 4|DEMCOTEX|4.00|3.50|1.50|4.00|4.00|OUI||
12 50 00050 9|STE B D S|4.00|3.50|1.50|4.00|4.00|OUI||
12 50 00071 1|STE DEMCO INTERNATIONAL|4.00|3.50|1.50|4.00|4.00|OUI||
12 50 00095 9|TEXTU KNITS|4.00|3.50|1.50|4.00|4.00|OUI||
12 50 00115 7|DEM COSTRUCT|4.00|3.50|1.50|4.00|4.00|OUI||
12 50 00120 3|D E S|4.00|3.50|1.50|4.00|4.00|OUI||
12 50 00122 0|DEMCOTEX|4.00|3.50|1.50|4.00|4.00|OUI||
12 50 00124 6|DEM CO KNITWEAR|4.00|3.50|1.50|4.00|4.00|OUI||
12 50 00127 0|STE FIMA|4.00|3.50|1.50|4.00|4.00|OUI||
12 50 00129 7|APPERAL WORK|4.00|3.50|1.50|4.00|4.00|OUI||
12 50 00135 1|STE CAP TUNIS|4.00|3.50|1.50|4.00|4.00|OUI||
12 50 00136 0|STE CAP TUNIS|4.00|3.50|1.50|4.00|4.00|OUI||
12 50 00146 7|SOCIETE DEMCOINTER|4.00|3.50|1.50|4.00|4.00|OUI||
12 50 00147 5|SOCIETE NEW AMICO|4.00|3.50|1.50|4.00|4.00|OUI||
12 50 00151 3|SOCIETE ALLSPORT|4.00|3.50|1.50|4.00|4.00|OUI||
12 51 00002 2|STE DEMCO|1.00|1.00|1.50|1.00|1.00|OUI||
12 51 00003 0|STE C I T G I|4.00|3.50|1.50|4.00|4.00|OUI||
12 51 00005 7|STE DEMCO|4.00|3.50|1.50|4.00|4.00|OUI||
12 51 00030 8|STE B D S|4.00|3.50|1.50|.00|4.00|OUI||
12 51 00031 6|DEMCO|4.00|3.50|1.50|4.00|4.00|OUI||
12 51 00041 3|S T G DEMCO INTERNATIONAL|1.00|1.00|1.50|1.00|1.00|OUI||
12 51 00075 8|DEM COSTRUCT|4.00|3.50|1.50|4.00|4.00|OUI||
12 51 00082 0|D E S|4.00|3.50|1.50|4.00|4.00|OUI||
12 51 00089 8|DEMCO KNITWEAR|1.00|1.00|1.50|1.00|1.00|OUI||
12 51 00090 1|TEXTU KNITS|4.00|3.50|1.50|4.00|4.00|OUI||
12 51 00093 6|STE FIMA|4.00|3.50|1.50|4.00|4.00|OUI||
12 51 00102 9|APPERAL WORK|4.00|3.50|1.50|4.00|4.00|OUI||
12 51 00104 5|DEMCOTEX|4.00|3.50|1.50|4.00|4.00|OUI||
12 51 00114 2|STE CAP TUNIS|4.00|3.50|1.50|4.00|4.00|OUI||
12 51 00140 1|STE BDS|4.00|3.50|1.50|4.00|4.00|OUI||
12 51 00142 8|STE DES SARL|4.00|3.50|1.50|4.00|4.00|OUI||
12 51 00162 2|SOCIETE DEMCOINTER|1.00|1.00|1.50|1.00|1.00|OUI||
12 51 00165 7|SOCIETE NEW AMICO|4.00|3.50|1.50|4.00|4.00|OUI||
12 51 00168 1|DEMCO|1.00|1.00|1.50|1.00|1.00|OUI||
12 51 00173 8|SOCIETE DEMCOINTER|4.00|3.50|1.50|4.00|4.00|OUI||
12 51 00174 6|SOCIETE ALLSPORT|4.00|3.50|1.50|4.00|4.00|OUI||
12 51 00183 5|STE C I T G I|4.00|3.50|1.50|4.00|4.00|OUI||
12 59 00007 2|SO.KE.CO .S.U.A.R.L.|4.00|3.50|1.50|4.00|4.00|OUI||
12 59 00012 9|FIMCO|4.00|3.50|1.50|4.00|4.00|OUI||
12 59 00027 7|STE FINCO INTERNATIONAL|4.00|3.50|1.50|4.00|4.00|OUI||
12 63 00011 7|STE C I T G I|4.00|3.50|1.50|4.00|4.00|OUI||
12 63 00012 5|STE BDS|4.00|3.50|1.50|4.00|4.00|OUI||
12 63 00013 3|DE.M.CO KNITWEAR|4.00|3.50|1.50|4.00|4.00|OUI||
12 63 00014 1|STE DES SARL|4.00|3.50|1.50|4.00|4.00|OUI||
12 63 00015 0|SOCIETE DEMCO|4.00|3.50|1.50|4.00|4.00|OUI||
12 63 00016 8|DENTRI KNIT S  EX TEXTU KNIT S|4.00|3.50|1.50|4.00|4.00|OUI||
12 63 00017 6||4.00|3.50|1.50|4.00|4.00|OUI||
12 63 00018 4|DEMCOTEX|4.00|3.50|1.50|4.00|4.00|OUI||
12 63 00021 4|J.S.COM|4.00|3.50|1.50|4.00|4.00|OUI||
12 63 00022 2|SOCIETE DEMCOINTER|4.00|3.50|1.50|4.00|4.00|OUI||
12 65 00001 7|B D S|4.00|3.50|1.50|4.00|4.00|OUI||
12 65 00002 5|SOCIETE DEMCO|2.00|3.50|1.50|2.00|2.00|OUI||
12 65 00003 3|J.S COM|1.00|1.00|1.50|1.00|1.00|OUI||
12 65 00004 1|DEMCO KNITWEAR|1.00|1.00|1.50|1.00|1.00|OUI||
12 65 00007 6|SOCIETE DEMCOINTER|4.00|3.50|1.50|4.00|4.00|OUI||
13 10 00072 4||4.00|3.50|1.50|4.00|4.00|OUI||
13 10 00883 0|AXONE|4.00|3.50|1.50|4.00|4.00|OUI||
13 59 00045 2||4.00|3.50|1.50|4.00|4.00|OUI||
13 59 00049 5|SOCIETE AXONE|4.00|3.50|1.50|4.00|4.00|OUI||
15 10 00163 6|STE DE CONFECTION TAIB|4.00|3.50|1.50|4.00|4.00|OUI||
15 10 00485 6|SOTUDEX|4.00|3.50|1.50|4.00|4.00|OUI||
15 10 00569 0|E P P M|.50|1.00|1.50|.50|.50|OUI||
15 10 00797 9|TF PRODUCTION|4.00|3.50|1.50|4.00|4.00|OUI||
15 10 00809 6|CONNECT SARL|4.00|3.50|1.50|4.00|4.00|OUI||
15 10 00935 1|INTERNATIONAL PROCESS CONCEPT|4.00|3.50|1.50|4.00|4.00|OUI||
15 10 01126 7|TMS CONSULTING|4.00|3.50|1.50|4.00|4.00|OUI||
15 50 00135 3|STE TUNISO FRANCAISE HABILLEME|.50|3.50|1.50|4.00|4.00|OUI||
15 50 00180 9|PIONNER NATURAL RESSOURCES|1.00|1.00|1.50|1.00|1.00|OUI||
15 50 00224 4|T A D I S TUNIS SA|4.00|3.50|1.50|4.00|4.00|OUI||
15 50 00290 2|MAGHREB POLYSERVICE EXPORT MPS|4.00|3.50|1.50|4.00|4.00|OUI||
15 50 00352 6|STE JRM INTERNATIONAL|4.00|3.50|1.50|4.00|4.00|OUI||
15 50 00382 8|STE DE COMMERCE ET D EXPLOITAT|4.00|3.50|1.50|4.00|4.00|OUI||
15 51 00134 9|STA TUNISO FRANCAISE HABILLEME|.50|3.50|1.50|4.00|4.00|OUI||
15 51 00188 8|PIONNER NATURAL RESSOURCES|1.00|1.00|1.50|1.00|1.00|OUI||
15 51 00382 1|STE N A T I|4.00|3.50|1.50|4.00|4.00|OUI||
15 51 00439 9|STE N A T I|4.00|3.50|1.50|4.00|4.00|OUI||
15 51 00440 2|T A D I S TUNIS SA|4.00|3.50|1.50|4.00|4.00|OUI||
15 51 00490 9|MAGHREB POLYSERVICE EXPORT MPS|4.00|3.50|1.50|4.00|4.00|OUI||
15 51 00513 1|STE JRM INTERNATIONAL|4.00|3.50|1.50|4.00|4.00|OUI||
15 51 00590 5|SOCIETE ATACS|4.00|3.50|1.50|4.00|4.00|OUI||
15 51 00668 5|OMV ANAGUILD LTD|4.00|3.50|1.50|4.00|4.00|OUI||
15 51 00669 3|OMV SOUTH TUNISIA LTD|4.00|3.50|1.50|4.00|4.00|OUI||
15 51 00732 0|STE DE COMMERCE ET D EXPLOITAT|4.00|3.50|1.50|4.00|4.00|OUI||
15 51 00733 9|STE DE COMMERCE ET D EXPLOITAT|4.00|3.50|1.50|4.00|4.00|OUI||
15 59 00041 4|CONNECT SARL|4.00|3.50|1.50|4.00|4.00|OUI||
15 59 00064 3|SOTUDEX|4.00|3.50|1.50|4.00|4.00|OUI||
15 59 00065 1|INTERNATIONAL PROCESS CONCEPT|4.00|3.50|1.50|4.00|4.00|OUI||
15 59 00079 1|TF PRODUCTION|4.00|3.50|1.50|4.00|4.00|OUI||
15 59 00086 4|TMS CONSULTING|4.00|3.50|1.50|4.00|4.00|OUI||
15 62 00018 2|OMV SOUTH TUNISIA LTD|4.00|3.50|1.50|4.00|4.00|OUI||
15 62 00019 0|OMV ANAGUILD LTD|4.00|3.50|1.50|4.00|4.00|OUI||
15 62 00021 2|PIONNER NATURAL RESSOURCES|1.00|1.00|1.50|1.00|1.00|OUI||
15 62 00031 0|OMV SOUTH TUNISIA LTD|4.00|3.50|1.50|4.00|4.00|OUI||
15 62 00033 6|OMV SOUTH TUNISIA LTD|4.00|3.50|1.50|4.00|4.00|OUI||
15 62 00037 9|OMV ANAGUILD LTD|4.00|3.50|1.50|4.00|4.00|OUI||
15 63 00018 6|TUNISO FRANCAISE D HABILLEMENT|4.00|3.50|1.50|4.00|4.00|OUI||
15 65 00001 9|T F H|4.00|3.50|1.50|4.00|4.00|OUI||
15 65 00002 7|OMV SOUTH TUNISIA LTD|4.00|3.50|1.50|4.00|4.00|OUI||
15 65 00003 5|OMV ANAGUILD LTD|4.00|3.50|1.50|4.00|4.00|OUI||
16 10 00608 2|SOTICO|4.00|3.50|1.50|4.00|4.00|OUI||
16 10 00780 1|CONFEX|4.00|.25|1.50|4.00|4.00|OUI||
16 10 00823 9|STE SAREM|.25|.25|1.50|4.00|4.00|OUI||
16 10 00926 0|STE SOTICO GROUP DEP COMMERC|4.00|3.50|1.50|4.00|4.00|OUI||
16 10 01016 0|METAL TRADING|.25|.25|1.50|.25|.25|OUI||
16 50 00005 2|SEMIT|4.00|3.50|1.50|4.00|4.00|OUI||
16 50 00129 6|M G T|4.00|3.50|1.50|4.00|4.00|OUI||
16 50 00182 2|OMERIN DIVISION|4.00|3.50|1.50|4.00|4.00|OUI||
16 50 00310 8|AB PACKAGING|4.00|3.50|1.50|4.00|4.00|OUI||
16 50 00317 5|RIBS INTER|4.00|3.50|1.50|4.00|4.00|OUI||
16 50 00345 0|TUNISIE DEVELOPPEMENT ASSIST|4.00|3.50|1.50|4.00|4.00|OUI||
16 50 00381 7|STE SOMECAL|4.00|3.50|1.50|4.00|4.00|OUI||
16 50 00457 0|STE MIT|4.00|3.50|1.50|4.00|4.00|OUI||
16 50 00460 0|STE RMC|4.00|3.50|1.50|4.00|4.00|OUI||
16 50 00468 6|STE CYLALIDE TUNISIE|4.00|3.50|1.50|4.00|4.00|OUI||
16 50 00497 0|STE TULYTEX|4.00|3.50|1.50|4.00|4.00|OUI||
16 50 00525 9|STE MAPACALL|4.00|3.50|1.50|4.00|4.00|OUI||
16 51 00003 0|SEMIT|4.00|3.50|1.50|4.00|4.00|OUI||
16 51 00133 8|OMERIN DIVISION TUNN|4.00|3.50|1.50|.00|.00|OUI||
16 51 00145 1|SOCIETE M.P.C.II|4.00|3.50|1.50|4.00|4.00|OUI||
16 51 00148 6|M G T|4.00|3.50|1.50|4.00|4.00|OUI||
16 51 00309 8|AB PACKAGING|4.00|3.50|1.50|4.00|4.00|OUI||
16 51 00347 0|RIBS INTER|4.00|3.50|1.50|4.00|4.00|OUI||
16 51 00606 2|SOMECAL|4.00|.25|1.50|4.00|4.00|OUI||
16 51 00797 2|STE CYLALIDE TUNISIE|4.00|3.50|1.50|4.00|4.00|OUI||
16 51 01048 5|TUNISIE DEVELOPEMENT ASSISTANC|4.00|3.50|1.50|4.00|4.00|OUI||
16 51 01082 5|STE MIT|4.00|3.50|1.50|4.00|4.00|OUI||
16 51 01126 0|STE RMC|4.00|3.50|1.50|4.00|4.00|OUI||
16 51 01338 7|TULYTEX|4.00|3.50|1.50|4.00|4.00|OUI||
16 51 01380 8|STE MAPACALL|4.00|3.50|1.50|4.00|4.00|OUI||
16 59 00608 8|SOTICO SPORT WEAR|4.00|3.50|1.50|4.00|4.00|OUI||
16 59 00860 9|STE SAREM|4.00|3.50|1.50|4.00|4.00|OUI||
16 59 01016 6|METAL TRADING|.25|.25|1.50|.25|.25|OUI||
16 63 00009 4|SOCIETE MGT|4.00|3.50|1.50|4.00|4.00|OUI||
16 63 00020 5|RIBS INTERNATIONAL|4.00|3.50|1.50|4.00|4.00|OUI||
16 65 00030 0|SEMIT|4.00|3.50|1.50|4.00|4.00|OUI||
17 10 00187 8|A FIN CO INTER|4.00|3.50|1.50|4.00|4.00|OUI||
17 10 00202 5|STE A F I N C O|4.00|3.50|1.50|4.00|4.00|OUI||
17 10 00263 7|FUDUCIARY CORPORATE|4.00|3.50|1.50|4.00|4.00|OUI||
17 32 00219 3|STE AFINCO|4.00|3.50|1.50|4.00|4.00|OUI||
17 50 00017 3|SALAMBO -SALAMBO BIS|4.00|3.50|1.50|4.00|4.00|OUI||
17 50 00038 6|CENTRE MEDIC DE TRAIT DE TEXTE|4.00|3.50|1.50|4.00|4.00|OUI||
17 50 00040 8|ARGOS SARL|4.00|3.50|1.50|4.00|4.00|OUI||
17 50 00057 2|FIDUCIARY INVESTMENT SERVICES|4.00|3.50|1.50|4.00|4.00|OUI||
17 51 00045 2|SALAMBO|4.00|3.50|1.50|4.00|4.00|OUI||
17 51 00061 4|CENTRE MEDIC DE TRAIT DE TEXTE|4.00|3.50|1.50|4.00|4.00|OUI||
17 51 00066 5|ARGO SARL|4.00|3.50|1.50|4.00|4.00|OUI||
17 51 00110 6|STE CLEDELEAU|4.00|3.50|1.50|4.00|4.00|OUI||
17 51 00113 0|A D V MEDITERRANED SARL|4.00|3.50|1.50|4.00|4.00|OUI||
17 51 00118 1|FIDUCIARY INVESTMENT SERVICES|4.00|3.50|1.50|4.00|4.00|OUI||
17 59 00006 0|AFINCO INTERNATIONAL|4.00|3.50|1.50|4.00|4.00|OUI||
17 59 00008 7|STE A F I N C O|4.00|3.50|1.50|4.00|4.00|OUI||
17 59 00013 3|FUDUCIARY CORPORATE|4.00|3.50|1.50|4.00|4.00|OUI||
17 63 00131 4|SALAMBO|4.00|3.50|1.50|4.00|4.00|OUI||
17 63 00139 0|ARGO SARL|4.00|3.50|1.50|4.00|4.00|OUI||
19 10 00070 1|TELNET INC|4.00|3.50|1.50|4.00|4.00|OUI||
19 10 00137 6|MAILE TUNISO FRANCAISE|4.00|3.50|1.50|4.00|4.00|OUI||
19 10 00149 0|M F C|.50|.50|1.50|.50|.50|OUI||
19 10 00256 9|PREUSSAG ENERGIE|4.00|3.50|1.50|4.00|4.00|OUI||
19 10 00415 4|TELNET TECHNOLOGIES|4.00|3.50|1.50|4.00|4.00|OUI||
19 10 00475 8|STE STUDI INTER|4.00|3.50|1.50|4.00|4.00|OUI||
19 10 00682 3|STE GALI MODE|4.00|3.50|1.50|4.00|4.00|OUI||
19 50 00004 6|GARTEX|4.00|3.50|1.50|4.00|4.00|OUI||
19 50 00021 6|SOMAS|4.00|3.50|1.50|4.00|4.00|OUI||
19 50 00022 4|SOCIETE AMTS|4.00|3.50|1.50|4.00|4.00|OUI||
19 50 00033 0|PREUSSAG ENERGIE|4.00|3.50|1.50|4.00|4.00|OUI||
19 50 00084 4|CN FASHION|4.00|3.50|1.50|4.00|4.00|OUI||
19 50 00095 0|M F C|4.00|3.50|1.50|4.00|4.00|OUI||
19 50 00162 0|OMV TUNISIEN|4.00|3.50|1.50|4.00|4.00|OUI||
19 50 00174 3|TEKNIS TUNISIE|4.00|3.50|1.50|4.00|4.00|OUI||
19 50 00177 8|MC FASHION|4.00|3.50|1.50|4.00|4.00|OUI||
19 50 00178 6|WIND FASHION|4.00|3.50|1.50|4.00|4.00|OUI||
19 50 00406 8|OMV TUNISIEN SIDI MANSOUR GMBH|4.00|3.50|1.50|4.00|4.00|OUI||
19 50 00410 6|OMV TUNISIEN EXPLORATION|4.00|3.50|1.50|4.00|4.00|OUI||
19 50 00500 5|OMV SOUTH TUNISIA LTD|4.00|3.50|1.50|4.00|4.00|OUI||
19 51 00052 0|SOMAS|4.00|3.50|1.50|4.00|4.00|OUI||
19 51 00053 8|SOCIETE AMTS|4.00|3.50|1.50|4.00|4.00|OUI||
19 51 00068 6|PREUSSAG ENERGIE|4.00|3.50|1.50|4.00|4.00|OUI||
19 51 00167 4|GARTEX|4.00|3.50|1.50|4.00|4.00|OUI||
19 51 00197 6|CN FASHION|4.00|3.50|1.50|4.00|4.00|OUI||
19 51 00207 7|OMV TUNISIEN|4.00|3.50|1.50|4.00|4.00|OUI||
19 51 00236 0|M F C|.50|.50|1.50|.50|.50|OUI||
19 51 00241 7|OMV TUNISIEN|4.00|3.50|1.50|4.00|4.00|OUI||
19 51 00259 0|M C FASHION|4.00|3.50|1.50|4.00|4.00|OUI||
19 51 00266 2|WIN FASHION|4.00|3.50|1.50|4.00|4.00|OUI||
19 51 00289 1|TEKNIS TUNISIE|4.00|3.50|1.50|4.00|4.00|OUI||
19 51 00405 3|OMV TUNISIEN SIDI MANSOUR GMBH|4.00|3.50|1.50|4.00|4.00|OUI||
19 51 00460 6|OMV TUNISIEN PRODUCTION GMBH|4.00|3.50|1.50|4.00|4.00|OUI||
19 51 00512 2|OMV TUNISIEN EXPLORATION|4.00|3.50|1.50|4.00|4.00|OUI||
19 51 00650 1|OMV ANAGUILD LTD|4.00|3.50|1.50|4.00|4.00|OUI||
19 51 00651 0|OMV SOUTH TUNISIA LTD|4.00|3.50|1.50|4.00|4.00|OUI||
19 51 00652 8|OMV SOUTH TUNISIA LTD|4.00|3.50|1.50|4.00|4.00|OUI||
19 51 00724 9|OMV TUNISIEN PRODUCTION GMBH|4.00|3.50|1.50|4.00|4.00|OUI||
19 51 00725 7|OMV TUNISIEN PRODUCTION GMBH|4.00|3.50|1.50|4.00|4.00|OUI||
19 59 00003 0|TELNET INC|4.00|3.50|1.50|4.00|4.00|OUI||
19 59 00015 4|TELNET TECHNOLOGIES|4.00|3.50|1.50|4.00|4.00|OUI||
19 59 00027 8|STUDIO INTERNATIONAL|4.00|3.50|1.50|4.00|4.00|OUI||
19 59 00028 6|STUDIO INTERNATIONAL|4.00|3.50|1.50|4.00|4.00|OUI||
19 59 00045 6|TELNET TECHNOLOGIES|4.00|3.50|1.50|4.00|4.00|OUI||
19 59 00046 4|TELNET CORPORATED|4.00|3.50|1.50|4.00|4.00|OUI||
19 59 00047 2|TELNET TECHNOLOGIES|4.00|3.50|1.50|4.00|4.00|OUI||
19 62 00014 9|PREUSSAG ENERGIE|4.00|3.50|1.50|4.00|4.00|OUI||
19 62 00064 5|OMV TUNISIEN EXPLORATION|4.00|3.50|1.50|4.00|4.00|OUI||
19 62 00070 0|OMV ANAGUILD LTD|4.00|3.50|1.50|4.00|4.00|OUI||
19 62 00071 8|OMV ANAGUILD LTD|4.00|3.50|1.50|4.00|4.00|OUI||
19 62 00072 6|OMV SOUTH TUNISIA LTD|4.00|3.50|1.50|4.00|4.00|OUI||
19 62 00073 4|OMV SOUTH TUNISIA LTD|4.00|3.50|1.50|4.00|4.00|OUI||
19 62 00074 2|OMV SOUTH TUNISIA LTD|4.00|3.50|1.50|4.00|4.00|OUI||
19 63 00001 0|CN FASHION|4.00|3.50|1.50|4.00|4.00|OUI||
19 63 00003 7|SOCIETE AMTS|4.00|3.50|1.50|4.00|4.00|OUI||
19 63 00010 0|FASHION COMPANY|4.00|3.50|1.50|4.00|4.00|OUI||
19 65 00001 8|GARTEX|4.00|3.50|1.50|4.00|4.00|OUI||
19 65 00003 4|OMV SOUTH TUNISIA LTD|4.00|3.50|1.50|4.00|4.00|OUI||
20 10 51239 8|LION SLC|4.00|3.50|1.50|4.00|4.00|OUI||
20 10 51248 7|STE VEGA CONFECTION|4.00|3.50|1.50|4.00|4.00|OUI||
20 10 51522 2|CREA MODE|4.00|3.50|1.50|4.00|4.00|OUI||
20 10 51587 7|SAR TEXTILE|4.00|3.50|1.50|4.00|4.00|OUI||
20 10 51719 5|NASTEX|4.00|3.50|1.50|4.00|4.00|OUI||
20 10 51769 1|STE SICOFTEX|4.00|3.50|1.50|4.00|4.00|OUI||
20 10 51825 6|STE L INDUSTRIE DE LA CONFECTI|4.00|3.50|1.50|4.00|4.00|OUI||
20 10 51832 9|STE AMC CONFECTION|4.00|.25|1.50|4.00|4.00|OUI||
20 10 51956 2|SOCIETE JOCONFEX PLUS|4.00|3.50|1.50|4.00|4.00|OUI||
20 10 52055 2|SOCIETE COGEN HD|4.00|3.50|1.50|4.00|4.00|OUI||
20 32 00596 1|STE SINUTEX|4.00|3.50|1.50|4.00|4.00|OUI||
20 32 00728 0|STE BIS|4.00|3.50|1.50|4.00|4.00|OUI||
20 50 00822 6|S I T|4.00|3.50|1.50|4.00|4.00|OUI||
20 50 00858 7|DESI TS|4.00|3.50|1.50|4.00|4.00|OUI||
20 50 00880 3|STE PESCE AZZURO|4.00|3.50|1.50|4.00|4.00|OUI||
20 50 00889 7|STE SOLINHAS TUNISIE|4.00|3.50|1.50|4.00|4.00|OUI||
20 50 00927 3|KBE ELECTROTECHNIK|4.00|3.50|1.50|4.00|4.00|OUI||
20 50 00952 4|STE SINUTEX|4.00|3.50|1.50|4.00|4.00|OUI||
20 50 00967 2|STE TECHNO PROD|4.00|3.50|1.50|4.00|4.00|OUI||
20 50 00973 7|STE ITALPUBLIC TUNISIE|4.00|3.50|1.50|4.00|4.00|OUI||
20 50 00979 6|STE PRIMA EXPRESS SERVICE|4.00|3.50|1.50|4.00|4.00|OUI||
20 50 01004 2|STE CCS|4.00|3.50|1.50|4.00|4.00|OUI||
20 50 01012 3|SFI|4.00|3.50|1.50|4.00|4.00|OUI||
20 50 01052 2|STE DIAS REPRESENTATION ET SER|4.00|3.50|1.50|4.00|4.00|OUI||
20 50 01058 1|STE BIS|4.00|3.50|1.50|4.00|4.00|OUI||
20 50 01061 1|SOCIETE ASTRAGALE|4.00|3.50|1.50|4.00|4.00|OUI||
20 50 01065 4|STE CASANOVA|4.00|3.50|1.50|4.00|4.00|OUI||
20 51 00047 4|S I T|4.00|3.50|1.50|4.00|4.00|OUI||
20 51 00085 7|DESI TS|4.00|3.50|1.50|4.00|4.00|OUI||
20 51 00123 3|STE SOLINHAS TUNISIE|4.00|3.50|1.50|4.00|4.00|OUI||
20 51 00125 0|STE PESCE AZZURO|4.00|3.50|1.50|4.00|4.00|OUI||
20 51 00203 5|STE K B E ELEKTROTECHNIK|4.00|3.50|1.50|4.00|4.00|OUI||
20 51 00264 7|STE SINUTEX|4.00|3.50|1.50|4.00|4.00|OUI||
20 51 00293 0|STE TECHNO PROD|4.00|3.50|1.50|4.00|4.00|OUI||
20 51 00306 6|STE ITALPUBLIC TUNISIE|4.00|3.50|1.50|4.00|4.00|OUI||
20 51 00325 2|STE PRIMA EXPRESS SERVICE|4.00|3.50|1.50|4.00|4.00|OUI||
20 51 00326 0|STE PRIMA EXPRESS SERVICE|4.00|3.50|1.50|4.00|4.00|OUI||
20 51 01018 6|SFI|4.00|3.50|1.50|4.00|4.00|OUI||
20 51 01074 7|STE DIAS REPRESENTATION ET SER|4.00|3.50|1.50|4.00|4.00|OUI||
20 51 01092 5|SOCIETE ASTRAGALE|4.00|3.50|1.50|4.00|4.00|OUI||
20 51 01101 8|FERRARI SARL|4.00|3.50|1.50|4.00|4.00|OUI||
20 51 01104 2|STE BIS|4.00|3.50|1.50|4.00|4.00|OUI||
20 51 01108 5|STE CASANOVA|4.00|3.50|1.50|4.00|4.00|OUI||
20 59 00009 0|CREA MODE|4.00|3.50|1.50|4.00|4.00|OUI||
20 59 00032 5|STE SICOFTEX|4.00|3.50|1.50|4.00|4.00|OUI||
20 59 00039 2|STE SAR TEXTILE|4.00|3.50|1.50|4.00|4.00|OUI||
20 59 00044 9|STE L INDUSTRIE DE LA CONFECTI|4.00|3.50|1.50|4.00|4.00|OUI||
20 59 00046 5|VEGA CONFECTION|4.00|3.50|1.50|4.00|4.00|OUI||
20 59 00051 1|NASTEX|4.00|3.50|1.50|4.00|4.00|OUI||
20 59 00063 5|SOCIETE JOCONFEX PLUS|4.00|3.50|1.50|4.00|4.00|OUI||
20 59 00064 3|AMC CONFECTION|4.00|3.50|1.50|4.00|4.00|OUI||
20 63 50180 0|STE KBE ELEKTROTECHNIK|4.00|3.50|1.50|4.00|4.00|OUI||
20 63 50182 7|SAPHIR INDUSTRIE TUNISIE|4.00|3.50|1.50|4.00|4.00|OUI||
20 63 50183 5|STE SOLINHAS TUNISIE|4.00|3.50|1.50|4.00|4.00|OUI||
20 63 50190 8|STE ITALPUBLIC TUNISIE|4.00|3.50|1.50|4.00|4.00|OUI||
20 63 50193 2|STE EUROMED TEXTILE|4.00|3.50|1.50|4.00|4.00|OUI||
20 65 00005 1|STE PRIMA EXPRESS SERVICE|4.00|3.50|1.50|4.00|4.00|OUI||
21 10 51136 4|BENTEX|4.00|3.50|1.50|4.00|4.00|OUI||
21 10 51213 1|C Y C|4.00|3.50|1.50|4.00|4.00|OUI||
21 10 51398 7|CYC +|4.00|3.50|1.50|4.00|4.00|OUI||
21 10 51401 0|BENTEX +|4.00|3.50|1.50|4.00|4.00|OUI||
21 20 08496 0|FEKIH MOHAMED|4.00|3.50|1.50|4.00|4.00|OUI||
21 50 99054 0|COUTURE INTER DE MAHDIA|4.00|3.50|1.50|4.00|4.00|OUI||
21 50 99133 4|C I M|4.00|3.50|1.50|4.00|4.00|OUI||
21 50 99171 7|STE SIMED|4.00|3.50|1.50|4.00|4.00|OUI||
21 50 99172 5|STE SIMED|4.00|3.50|1.50|4.00|4.00|OUI||
21 50 99228 4|STE WEST WORLD SHIRTS|4.00|3.50|1.50|4.00|4.00|OUI||
21 50 99237 3|STE EURO EXPORT|4.00|3.50|1.50|4.00|4.00|OUI||
21 50 99240 3|STE GRAM TUNISIE|4.00|3.50|1.50|4.00|4.00|OUI||
21 51 00012 9|COUTURE INTER DE MAHDIA|4.00|3.50|1.50|4.00|4.00|OUI||
21 51 00214 8|STE SIMED|4.00|3.50|1.50|4.00|4.00|OUI||
21 51 00246 6|STE WEST WORLD SHIRTS|4.00|3.50|1.50|4.00|4.00|OUI||
21 51 00255 5|STE EURO EXPORT|4.00|3.50|1.50|4.00|4.00|OUI||
21 51 00269 5|STE EURO EXPORT|4.00|3.50|1.50|4.00|4.00|OUI||
21 59 00010 1|C Y C|4.00|3.50|1.50|4.00|4.00|OUI||
21 59 00016 0|P F G|4.00|3.50|1.50|4.00|4.00|OUI||
21 59 00020 9|BENTEX|4.00|3.50|1.50|4.00|4.00|OUI||
21 59 00024 1|CYC +|4.00|3.50|1.50|4.00|4.00|OUI||
21 59 00026 8|BENTEX +|4.00|3.50|1.50|4.00|4.00|OUI||
21 63 00011 6|STE SIMED|4.00|3.50|1.50|4.00|4.00|OUI||
23 10 00277 4|STE NOUVEL AIR TUNISIE|.50|.50|1.50|.50|.50|OUI||
23 10 00371 1|ENFAVET|4.00|3.50|1.50|4.00|4.00|OUI||
23 10 00743 1|ENFAVET|4.00|3.50|1.50|4.00|4.00|OUI||
23 10 00759 8|C M C|4.00|3.50|1.50|4.00|4.00|OUI||
23 10 00879 9|EADS SOGERMA TUNISIE|.50|.50|1.50|.50|.50|OUI||
23 10 00935 3|SOGEMA|2.00|1.50|1.50|2.00|2.00|OUI||
23 10 01196 0|INTER GAM CONFECTION|4.00|3.50|1.50|4.00|4.00|OUI||
23 10 01319 9||4.00|3.50|1.50|4.00|4.00|OUI||
23 10 01321 0|STE BABY STAR|4.00|3.50|1.50|4.00|4.00|OUI||
23 10 01322 9|IAS PLUS|4.00|3.50|1.50|4.00|4.00|OUI||
23 10 01342 3|BEST WEAR NEW CO|4.00|3.50|1.50|4.00|4.00|OUI||
23 10 01412 8|POLY-TEC|4.00|3.50|1.50|4.00|4.00|OUI||
23 10 01517 5|STE DYM-TEX SARL|4.00|3.50|1.50|4.00|4.00|OUI||
23 10 01572 8|STE PRIMATEX PLUS|4.00|3.50|1.50|4.00|4.00|OUI||
23 10 01580 9|SLIM PRINTING|4.00|3.50|1.50|4.00|4.00|OUI||
23 32 00417 7|STE DYM-TEX SARL|4.00|3.50|1.50|4.00|4.00|OUI||
23 50 00003 0|STE CHANTUNI|4.00|3.50|1.50|4.00|4.00|OUI||
23 50 00838 4|STE SOFAM|4.00|3.50|1.50|4.00|4.00|OUI||
23 50 00862 7|STE T M S T|.25|.25|1.50|4.00|4.00|OUI||
23 50 01779 0|STE CIT|.25|.25|1.50|4.00|4.00|OUI||
23 50 02130 5|VETIGRAPH|4.00|3.50|1.50|4.00|4.00|OUI||
23 50 02147 0|G I M I|.25|.25|1.50|4.00|4.00|OUI||
23 50 02167 4|SODISPAC|4.00|3.50|1.50|4.00|4.00|OUI||
23 50 02262 0|GIKA SARL|.25|.25|1.50|4.00|4.00|OUI||
23 50 02391 0|CRESTAL|4.00|3.50|1.50|4.00|4.00|OUI||
23 50 02410 0|COMATEX IND|4.00|3.50|1.50|4.00|4.00|OUI||
23 50 02413 4|STE PRIMA SERVICES INTERNATION|4.00|3.50|1.50|4.00|4.00|OUI||
23 50 02430 4|F W I|4.00|3.50|1.50|4.00|4.00|OUI||
23 50 02470 3|STE G.S ASSISTANCE|4.00|3.50|1.50|4.00|4.00|OUI||
23 50 02474 6|JERTEX|4.00|3.50|1.50|4.00|4.00|OUI||
23 50 02484 3|COCO MODE|4.00|3.50|1.50|4.00|4.00|OUI||
23 50 02492 4|STE DANY CONFECTION|4.00|3.50|1.50|4.00|4.00|OUI||
23 50 02513 0|STE CRAFIL TUNISIE|4.00|3.50|1.50|4.00|4.00|OUI||
23 50 02514 9|STE EUROCHIMIE|4.00|3.50|1.50|4.00|4.00|OUI||
23 50 02529 7|SOTUFAM|4.00|3.50|1.50|4.00|4.00|OUI||
23 50 02541 6|STE IND CONFECTION|4.00|3.50|1.50|4.00|4.00|OUI||
23 50 02542 4|STE GROUPE PROLOG|4.00|3.50|1.50|4.00|4.00|OUI||
23 50 02551 3|STE DANDJO LIMITED|4.00|3.50|1.50|4.00|4.00|OUI||
23 50 02554 8|APPROTEX|.25|.25|1.50|4.00|4.00|OUI||
23 50 02555 6|APPROZ SARL|.25|.25|1.50|4.00|4.00|OUI||
23 50 02592 0|PRIMA EXPRESS SERVICE|4.00|3.50|1.50|4.00|4.00|OUI||
23 50 02596 3|ZOM CONFECTION|4.00|3.50|1.50|4.00|4.00|OUI||
23 50 02599 8|STE ZANATEX|4.00|3.50|1.50|4.00|4.00|OUI||
23 50 02603 0|CHAUSSETTES CALDO DU BELLOIS (|4.00|3.50|1.50|4.00|4.00|OUI||
23 50 02624 2|STE NEW ACOBEN|4.00|3.50|1.50|4.00|4.00|OUI||
23 50 02650 1|STE SAIDA|4.00|3.50|1.50|4.00|4.00|OUI||
23 50 02657 9|STE NEVA PLUS|4.00|3.50|1.50|4.00|4.00|OUI||
23 50 02664 1|STE ITAL STIR|4.00|3.50|1.50|4.00|4.00|OUI||
23 50 02668 4|TSVM|.25|1.00|1.50|4.00|4.00|OUI||
23 50 02680 3|STE SATAF INTERNATIONAL|4.00|3.50|1.50|4.00|4.00|OUI||
23 50 02696 0|STE PRIMA SERVICES|4.00|3.50|1.50|4.00|4.00|OUI||
23 50 02699 4|SOCIETE CLOTHERS BUY NET CBN|4.00|3.50|1.50|4.00|4.00|OUI||
23 51 00008 5|STE T M S T|.25|.25|1.50|4.00|4.00|OUI||
23 51 00048 4|STE CIT|.25|.25|1.50|4.00|4.00|OUI||
23 51 00074 3|SOFAM|4.00|3.50|1.50|4.00|4.00|OUI||
23 51 00075 1|STE CHANTUNI|4.00|3.50|1.50|4.00|4.00|OUI||
23 51 00133 2|SODISPAC|4.00|3.50|1.50|4.00|4.00|OUI||
23 51 00271 1|CRESTAL|4.00|3.50|1.50|4.00|4.00|OUI||
23 51 00294 0|COMATEX IND|4.00|3.50|1.50|4.00|4.00|OUI||
23 51 00297 5|STE PRIMA SERVICES INTERNATION|4.00|3.50|1.50|4.00|4.00|OUI||
23 51 00298 3|STE PRIMA SERVICES INTERNATION|4.00|3.50|1.50|4.00|4.00|OUI||
23 51 00318 1|F W I|4.00|3.50|1.50|4.00|4.00|OUI||
23 51 00362 9|JERTEX|4.00|3.50|1.50|4.00|4.00|OUI||
23 51 00379 3|STE DANY CONFECTION|4.00|3.50|1.50|4.00|4.00|OUI||
23 51 00386 6|VETIGRAPH|4.00|3.50|1.50|4.00|4.00|OUI||
23 51 00405 6|STE EUROCHIMIE|4.00|3.50|1.50|4.00|4.00|OUI||
23 51 00426 9|STE CRAFIL TUNISIE|4.00|3.50|1.50|4.00|4.00|OUI||
23 51 00430 7|SOTUFAM|4.00|3.50|1.50|4.00|4.00|OUI||
23 51 00439 0|STE IND CONFECTION|4.00|3.50|1.50|4.00|4.00|OUI||
23 51 00442 0|STE GROUPE PROLOG|4.00|3.50|1.50|4.00|4.00|OUI||
23 51 00485 4|APPROTEX|.25|.25|1.50|4.00|4.00|OUI||
23 51 00486 2|APPROZ SARL|.25|.25|1.50|4.00|4.00|OUI||
23 51 00538 9|STE COCO MODE|4.00|3.50|1.50|4.00|4.00|OUI||
23 51 00555 9|PRIMA EXPRESS SERVICE|4.00|3.50|1.50|4.00|4.00|OUI||
23 51 00556 7|PRIMA EXPRESS SERVICE|4.00|3.50|1.50|4.00|4.00|OUI||
23 51 00561 3|ZOM CONFECTION|4.00|3.50|1.50|4.00|4.00|OUI||
23 51 00566 4|STE ZANATEX|4.00|3.50|1.50|4.00|4.00|OUI||
23 51 00583 4|CHAUSSETTES CALDO DU BELLOIS (|4.00|3.50|1.50|4.00|4.00|OUI||
23 51 00614 8|STE NEW ACOBEN|4.00|3.50|1.50|4.00|4.00|OUI||
23 51 00638 5|STE G.S ASSISTANCE|4.00|3.50|1.50|4.00|4.00|OUI||
23 51 00650 4|STE SAIDA|4.00|3.50|1.50|4.00|4.00|OUI||
23 51 00677 6|STE ITAL STIR|4.00|3.50|1.50|4.00|4.00|OUI||
23 51 00685 7|TSVM|.25|1.00|1.50|4.00|4.00|OUI||
23 51 00691 1|STE NEVA PLUS|4.00|3.50|1.50|4.00|4.00|OUI||
23 51 00706 3|STE SATAF INTERNATIONL|4.00|3.50|1.50|4.00|4.00|OUI||
23 51 00710 1|STE SAIDA|4.00|3.50|1.50|4.00|4.00|OUI||
23 51 00723 3|STE PRIMA SERVICES|4.00|3.50|1.50|4.00|4.00|OUI||
23 51 00724 1|STE PRIMA SERVICES|4.00|3.50|1.50|4.00|4.00|OUI||
23 51 00736 5|SOCIETE CLOTHERS BUY NET CBN|4.00|3.50|1.50|4.00|4.00|OUI||
23 51 00775 6|SOCIETE CLOTHERS BUY NET CBN|4.00|3.50|1.50|4.00|4.00|OUI||
23 51 00780 2|STE CHANTUNI SA|4.00|3.50|1.50|4.00|4.00|OUI||
23 51 00855 8|PRIMA EXPRESS SERVICE|4.00|3.50|1.50|4.00|4.00|OUI||
23 59 00001 7|STE NOUVEL AIR TUNISIE|4.00|3.50|1.50|4.00|4.00|OUI||
23 59 00002 5|STE NOUVEL AIR TUNISIE|4.00|3.50|1.50|4.00|4.00|OUI||
23 59 00010 6|STE ENFAVET|4.00|3.50|1.50|4.00|4.00|OUI||
23 59 00015 7|EADS SOGERMA|4.00|3.50|1.50|4.00|4.00|OUI||
23 59 00033 5|SOGEMA|4.00|3.50|1.50|4.00|4.00|OUI||
23 59 00037 8|INTER GAM CONFECTION|4.00|3.50|1.50|4.00|4.00|OUI||
23 59 00049 1|STE BABY STAR|4.00|3.50|1.50|4.00|4.00|OUI||
23 59 00051 3|STE BEST NEW CO|4.00|3.50|1.50|4.00|4.00|OUI||
23 59 00058 0|STE DYM TEX SARL|4.00|3.50|1.50|4.00|4.00|OUI||
23 59 00068 8|POLY-TEC|4.00|3.50|1.50|4.00|4.00|OUI||
23 59 00069 6|IAS PLUS|4.00|3.50|1.50|4.00|4.00|OUI||
23 59 00085 8||4.00|3.50|1.50|4.00|4.00|OUI||
23 59 00092 0|STE PRIMATEX PLUS|4.00|3.50|1.50|4.00|4.00|OUI||
23 59 00095 5|SLIM PRINTING|4.00|3.50|1.50|4.00|4.00|OUI||
23 63 00004 8|CHANTUNI|4.00|3.50|1.50|4.00|4.00|OUI||
23 63 00005 6|SOFAM|4.00|3.50|1.50|4.00|4.00|OUI||
23 63 00008 0|STE DANY CONFECTION|4.00|3.50|1.50|4.00|4.00|OUI||
23 63 00019 6|SOTUFAM|4.00|3.50|1.50|4.00|4.00|OUI||
23 63 00024 2|COMPTOIR INDUSTRIEL TUNISIEN|4.00|3.50|1.50|4.00|4.00|OUI||
23 63 00026 9|TMST|4.00|3.50|1.50|4.00|4.00|OUI||
23 63 00036 6|FASHION WEAR INTERNATIONAL|4.00|3.50|1.50|4.00|4.00|OUI||
23 63 00038 2|STE G S ASSISTANCE|4.00|3.50|1.50|4.00|4.00|OUI||
23 63 00040 4|STE GROUPE PROLOG|4.00|3.50|1.50|4.00|4.00|OUI||
23 63 00046 3|STE COCO MODE|4.00|3.50|1.50|4.00|4.00|OUI||
23 63 00047 1|SOCIETE NASTEX|4.00|3.50|1.50|4.00|4.00|OUI||
23 63 00050 1|STE TUNISIE SOUS VETEMENTS MAI|4.00|3.50|1.50|4.00|4.00|OUI||
23 63 00052 8|STE NEW ACOBEN|4.00|3.50|1.50|4.00|4.00|OUI||
23 63 00053 6|STE GIKA|4.00|3.50|1.50|4.00|4.00|OUI||
23 65 00002 9|CRESTAL|4.00|3.50|1.50|4.00|4.00|OUI||
23 65 00011 8|GIKA SARL|4.00|3.50|1.50|4.00|4.00|OUI||
23 65 00012 6|PRIMA EXPRESS SERVICE|4.00|3.50|1.50|4.00|4.00|OUI||
23 65 00013 4|STE PRIMA SERVICES|4.00|3.50|1.50|4.00|4.00|OUI||
23 65 00014 2|STE NASTEX|4.00|3.50|1.50|4.00|4.00|OUI||
23 65 00016 9|STE ITAL STIR|4.00|3.50|1.50|4.00|4.00|OUI||
24 10 00581 9|SPRING|4.00|.00|1.50|4.00|4.00|OUI||
24 10 00814 1|VN H CONFECTION|4.00|3.50|1.50|4.00|4.00|OUI||
24 10 00930 0|RUBANNERIE DU CENTRE|4.00|3.50|1.50|4.00|4.00|OUI||
24 10 00969 5|SCOUT MODE|4.00|3.50|1.50|4.00|4.00|OUI||
24 10 00975 0|K ZEE CARE|4.00|3.50|1.50|4.00|4.00|OUI||
24 10 00977 6|V N H 3 CONFECTION|4.00|.25|1.50|4.00|4.00|OUI||
24 10 01007 3|ENFAVET INTERNATIONAL|4.00|.25|1.50|4.00|4.00|OUI||
24 10 01008 1|Y Z SOURCING|4.00|3.50|1.50|4.00|4.00|OUI||
24 10 01010 3|LINATEX|4.00|3.50|1.50|4.00|4.00|OUI||
24 10 01073 1|STE ZONE & BRODERIE  ZSB|4.00|3.50|1.50|4.00|4.00|OUI||
24 10 01095 2|EPIC|4.00|3.50|1.50|4.00|4.00|OUI||
24 10 01117 7|STE PRINTEMPS INTERNATIONAL|.25|.25|1.50|.25|.25|OUI||
24 10 01173 8|STE ZONE & BRODERIE  ZSB|4.00|3.50|1.50|4.00|4.00|OUI||
24 10 01178 9||4.00|3.50|1.50|4.00|4.00|OUI||
24 10 01195 9|STE Z.SILVA|4.00|3.50|1.50|4.00|4.00|OUI||
24 10 01196 7|STE ENFAVET|4.00|3.50|1.50|4.00|4.00|OUI||
24 10 01232 7|LINATEX PLUS|4.00|3.50|1.50|4.00|4.00|OUI||
24 50 00083 6|FORUMLIVI II|4.00|3.50|1.50|4.00|4.00|OUI||
24 50 00148 4|N S CONFECTION|4.00|3.50|1.50|4.00|4.00|OUI||
24 50 00167 0|STE FORUM INTERNATIONAL|4.00|3.50|1.50|4.00|4.00|OUI||
24 51 00067 8|FORUMLIVI II|4.00|3.50|1.50|4.00|4.00|OUI||
24 51 00179 8|EPIC|4.00|3.50|1.50|4.00|4.00|OUI||
24 51 00205 0|STE FORUM INTERNATIONAL|4.00|3.50|1.50|4.00|4.00|OUI||
24 51 00294 8|NS CONFECTION|4.00|3.50|1.50|4.00|4.00|OUI||
24 59 00024 3|MED CONFECTION|4.00|3.50|1.50|4.00|4.00|OUI||
24 59 00034 0|STE VNH CONFECTION|4.00|3.50|1.50|4.00|4.00|OUI||
24 59 00037 5|RUBANERIE DU CENTRE|4.00|3.50|1.50|4.00|4.00|OUI||
24 59 00041 3|SCOUT MODE|4.00|3.50|1.50|4.00|4.00|OUI||
24 59 00042 1|V N H 3 CONFECTION|4.00|3.50|1.50|4.00|4.00|OUI||
24 59 00043 0|ENFAVET INTERNATIONALE|4.00|3.50|1.50|4.00|4.00|OUI||
24 59 00051 0|LINATEX|4.00|3.50|1.50|4.00|4.00|OUI||
24 59 00052 9|K ZEE CARE|4.00|3.50|1.50|4.00|4.00|OUI||
24 59 00055 3|STE PRINTEMPS INTERNATIONAL|.25|.25|1.50|.25|.25|OUI||
24 59 00060 0|SOCIETE EPIC|4.00|3.50|1.50|4.00|4.00|OUI||
24 59 00063 4|ZONE SERIGRAPHIE BRODERIE ZSB|4.00|3.50|1.50|4.00|4.00|OUI||
24 59 00065 0|LINATEX PLUS|4.00|3.50|1.50|4.00|4.00|OUI||
24 63 00003 7|STE FORUM LIVII|4.00|3.50|1.50|4.00|4.00|OUI||
24 65 00003 4|N.S CONFECTION|4.00|3.50|1.50|4.00|4.00|OUI||
24 65 00004 2|STE FORUM LIVII|4.00|3.50|1.50|4.00|4.00|OUI||
25 50 00004 3|R R T  ELECTRONIQUE|4.00|3.50|1.50|4.00|4.00|OUI||
25 50 00026 4|R R TUNISIE|4.00|3.50|1.50|4.00|4.00|OUI||
25 51 00030 6|STE RRT ELECTRONICS|4.00|3.50|1.50|4.00|4.00|OUI||
26 10 00380 2|HAMATEX|4.00|3.50|1.50|4.00|4.00|OUI||
26 10 00473 6|STE MED CONFECTION|4.00|3.50|1.50|4.00|4.00|OUI||
26 50 00007 5|FITELEC|4.00|3.50|1.50|4.00|4.00|OUI||
26 50 00022 9|STE TUKOON|4.00|3.50|1.50|4.00|4.00|OUI||
26 50 00024 5|ADVENTURE|4.00|3.50|1.50|4.00|4.00|OUI||
26 50 00123 3|STE GM GROUP|4.00|3.50|1.50|4.00|4.00|OUI||
26 50 00133 0|STE M D C|4.00|3.50|1.50|4.00|4.00|OUI||
26 50 00134 9|STE COTTON SQUARE|4.00|3.50|1.50|4.00|4.00|OUI||
26 50 00142 0|TUKOON|4.00|3.50|1.50|4.00|4.00|OUI||
26 51 00039 7|AVENTURE LAND|4.00|3.50|1.50|4.00|4.00|OUI||
26 51 00148 2|ADVENTURE LAND|4.00|3.50|1.50|4.00|4.00|OUI||
26 51 00155 5|TUKOON|4.00|3.50|1.50|4.00|4.00|OUI||
26 51 00215 2|STE GM GROUP|4.00|3.50|1.50|4.00|4.00|OUI||
26 51 00315 9|STE GM GROUP|4.00|3.50|1.50|4.00|4.00|OUI||
26 59 00003 5|HAMATEX|4.00|3.50|1.50|4.00|4.00|OUI||
26 59 00007 8|STE MED CONFECTION|4.00|3.50|1.50|4.00|4.00|OUI||
27 10 00005 3|ZETEX|4.00|3.50|1.50|4.00|4.00|OUI||
27 10 00139 4|STE MONDIAL INDIGO|2.00|.20|1.50|2.00|2.00|OUI||
27 10 00428 8|STE NEW CONFECTION|4.00|3.50|1.50|4.00|4.00|OUI||
27 10 00489 0|NOVAMAILLE|4.00|3.50|1.50|4.00|4.00|OUI||
27 10 00509 8|STE CORETEX|4.00|3.50|1.50|4.00|4.00|OUI||
27 10 00517 9|SOCIETE CAVALIER INTERNATIONAL|.50|.50|1.50|.50|.50|OUI||
27 10 00519 5||4.00|3.50|1.50|4.00|4.00|OUI||
27 10 00523 3|FASHION COMPANY SAHEL|.50|.50|1.50|.50|.50|OUI||
27 10 00553 5|STE SOPROLIN|4.00|3.50|1.50|4.00|4.00|OUI||
27 10 00585 3|FCB|4.00|3.50|1.50|4.00|4.00|OUI||
27 10 00596 9|SOCIETE BRATEX|4.00|3.50|1.50|4.00|4.00|OUI||
27 10 00612 4|CAVALIER INTERNATIONAL LOYER|4.00|3.50|1.50|4.00|4.00|OUI||
27 10 00619 1|LE CAVALIER VERT|4.00|3.50|1.50|4.00|4.00|OUI||
27 10 00627 2|STE UNIQUE|4.00|3.50|1.50|4.00|4.00|OUI||
27 10 00629 9|STE P.L.M|4.00|3.50|1.50|4.00|4.00|OUI||
27 10 00639 6|STE FCS BENEFICE|4.00|3.50|1.50|4.00|4.00|OUI||
27 32 00180 0||4.00|3.50|1.50|4.00|4.00|OUI||
27 50 00031 5|STE MENCI|4.00|3.50|1.50|4.00|4.00|OUI||
27 50 00060 9|MTE METAL BETON MBT|.25|.25|1.50|4.00|4.00|OUI||
27 50 00099 4|MIDYL|4.00|3.50|1.50|4.00|4.00|OUI||
27 50 00107 9|MIDYL|4.00|3.50|1.50|4.00|4.00|OUI||
27 50 00120 6|STE MYLOS|4.00|3.50|1.50|4.00|4.00|OUI||
27 50 00124 9|CONQUEST|4.00|3.50|1.50|4.00|4.00|OUI||
27 50 00161 3|C2A|4.00|3.50|1.50|4.00|4.00|OUI||
27 50 00210 5|NATS|4.00|3.50|1.50|4.00|4.00|OUI||
27 50 00214 8|SOCIETE KOYOKIDS|4.00|3.50|1.50|4.00|4.00|OUI||
27 50 00231 8|STE HIBA CONFECTION|4.00|3.50|1.50|4.00|4.00|OUI||
27 50 00263 6|STE A.C.T|4.00|3.50|1.50|4.00|4.00|OUI||
27 50 00278 4|STE RED SARL|4.00|3.50|1.50|4.00|4.00|OUI||
27 51 00003 3|LE CAVALIER VERT|4.00|3.50|1.50|4.00|4.00|OUI||
27 51 00027 0|STE METAL BOUTON|.25|.25|1.50|4.00|4.00|OUI||
27 51 00064 5|STE TOP FINITION|4.00|3.50|1.50|4.00|4.00|OUI||
27 51 00069 6|CONQUEST|4.00|3.50|1.50|4.00|4.00|OUI||
27 51 00076 9|MIDYL SARL|4.00|3.50|1.50|4.00|4.00|OUI||
27 51 00077 7|MYLOS|4.00|3.50|1.50|4.00|4.00|OUI||
27 51 00102 1|STE MENCO|4.00|3.50|1.50|4.00|4.00|OUI||
27 51 00104 8|C2A|4.00|3.50|1.50|4.00|4.00|OUI||
27 51 00130 7|NATS|4.00|3.50|1.50|4.00|4.00|OUI||
27 51 00146 3|SOCIETE KOYOKIDS|4.00|3.50|1.50|4.00|4.00|OUI||
27 51 00152 8|STE HIBA CONFECTION|4.00|3.50|1.50|4.00|4.00|OUI||
27 51 00196 0|STE A.C.T|4.00|3.50|1.50|4.00|4.00|OUI||
27 51 00224 9|STE RED SARL|4.00|3.50|1.50|4.00|4.00|OUI||
27 59 00001 6|ZETEX|4.00|3.50|1.50|4.00|4.00|OUI||
27 59 00003 2|MONDIAL INDIGO|4.00|3.50|1.50|4.00|4.00|OUI||
27 59 00015 6|NOVAMAILLE|4.00|3.50|1.50|4.00|4.00|OUI||
27 59 00017 2|F C S|4.00|3.50|1.50|4.00|4.00|OUI||
27 59 00018 0|STE NEW CONFECTION|4.00|3.50|1.50|4.00|4.00|OUI||
27 59 00020 2|LE CAVALIER INTERNATIONAL|4.00|3.50|1.50|4.00|4.00|OUI||
27 59 00023 7|FCB|4.00|3.50|1.50|4.00|4.00|OUI||
27 59 00025 3|STE CORETEX|4.00|3.50|1.50|4.00|4.00|OUI||
27 59 00026 1|SOCIETE BRATEX|4.00|3.50|1.50|4.00|4.00|OUI||
27 59 00028 8|LE CAVALIER VERT|4.00|3.50|1.50|4.00|4.00|OUI||
27 59 00029 6|STE U N I Q U E|4.00|3.50|1.50|4.00|4.00|OUI||
27 63 00010 1|MIDYL SARL|4.00|3.50|1.50|4.00|4.00|OUI||
27 63 00011 0|STE CONQUEST|4.00|3.50|1.50|4.00|4.00|OUI||
27 63 00013 6|STE MENCO|4.00|3.50|1.50|4.00|4.00|OUI||
27 63 00015 2|STE NOU AT TEX DU SAHEL NATS|4.00|3.50|1.50|4.00|4.00|OUI||
27 65 00005 2|STE TOP FINITION|4.00|3.50|1.50|4.00|4.00|OUI||
27 65 00016 8|STE MYLOS|4.00|3.50|1.50|4.00|4.00|OUI||
27 65 00023 0|MIDYL SARL|4.00|3.50|1.50|4.00|4.00|OUI||
28 10 00919 8|STE MEDGOLD|4.00|3.50|1.50|4.00|4.00|OUI||
28 50 00562 4|STE METAL BOUTON TUNISIE|4.00|3.50|1.50|4.00|4.00|OUI||
28 50 00595 0|STE METAL BOUTON TUNISIE|4.00|3.50|1.50|4.00|4.00|OUI||
28 51 00117 7|STE METAL BOUTON TUNISIE|4.00|3.50|1.50|4.00|4.00|OUI||
28 51 00122 3|M B T|4.00|3.50|1.50|4.00|4.00|OUI||
29 10 00113 5|ABASSI CONFECTION|4.00|3.50|1.50|4.00|4.00|OUI||
29 10 00346 4|SABRINE CONFECTION|4.00|3.50|1.50|4.00|4.00|OUI||
29 10 00355 3|LAUNATEX|4.00|3.50|1.50|4.00|4.00|OUI||
29 10 00372 3|STE AMIR CONFECTION|4.00|3.50|1.50|4.00|4.00|OUI||
29 10 00404 5|STE AMIR CONFECTION|4.00|3.50|1.50|4.00|4.00|OUI||
29 10 00421 5|STE SAM PRODUCTION|4.00|3.50|1.50|4.00|4.00|OUI||
29 50 00034 4|STE SAM PRODUCTION|4.00|3.50|1.50|4.00|4.00|OUI||
29 51 00022 4|STE SAM PRODUCTION|4.00|3.50|1.50|4.00|4.00|OUI||
29 59 00002 9|ABASSI CONFECTION|4.00|3.50|1.50|4.00|4.00|OUI||
29 59 00006 1|SABRINA CONFECTION|4.00|3.50|1.50|4.00|4.00|OUI||
29 59 00007 0|LAUNATEX|4.00|3.50|1.50|4.00|4.00|OUI||
29 59 00011 8|STE AMIR CONFECTION|4.00|3.50|1.50|4.00|4.00|OUI||
29 59 00012 6|STE SAM PRODUCTION|4.00|3.50|1.50|4.00|4.00|OUI||
50 10 00395 6|CONFECTION GENERALE DE TUNISIE|4.00|3.50|1.50|4.00|4.00|OUI||
50 10 00986 5|STE MEDIA ASSISTANCE|4.00|3.50|1.50|4.00|4.00|OUI||
50 10 01073 1|YACHTINGSERVICES|4.00|3.50|1.50|4.00|4.00|OUI||
50 10 01227 0|SOCIETE T P A|4.00|3.50|1.50|4.00|4.00|OUI||
50 10 01228 9|TIPAGRO|4.00|3.50|1.50|4.00|4.00|OUI||
50 50 00365 7|IBL ELECTRONICS|4.00|3.50|1.50|4.00|4.00|OUI||
50 50 00482 3|REVOTEX SARL|4.00|3.50|1.50|4.00|4.00|OUI||
50 51 00224 7|IBL ELECTRONICS|4.00|3.50|1.50|4.00|4.00|OUI||
50 51 00411 8|REVOTEX SARL|4.00|3.50|1.50|4.00|4.00|OUI||
50 51 00417 7|SEM GALVA SARL|4.00|3.50|1.50|4.00|4.00|OUI||
50 51 00418 5|ALPHA METIERS PLASTIQUES|4.00|3.50|1.50|4.00|4.00|OUI||
50 59 00010 3|C G T|4.00|3.50|1.50|4.00|4.00|OUI||
50 59 00035 9|TIPAGRO|4.00|3.50|1.50|4.00|4.00|OUI||
50 63 00072 0|IBL ELECTRONICS|4.00|3.50|1.50|4.00|4.00|OUI||
51 10 00488 7|E P P M|.50|1.00|1.50|.50|.50|OUI||
51 10 50902 4|STE MED OIL|4.00|.00|1.50|.50|.50|OUI||
51 10 50905 9|SOCIETE POULINA TRADING|.50|.00|1.50|.50|.50|OUI||
51 10 51077 4|P A F|.50|.00|1.50|.50|.50|OUI||
51 10 51092 8|I B P|.50|.00|1.50|.50|.50|OUI||
51 10 51446 0|ERECA|.50|.00|1.50|.50|.50|OUI||
51 10 96770 7|S C I T|.75|1.00|1.50|.75|.75|OUI||
51 10 96889 4|LEE COOPER|.50|.50|1.50|.50|.50|OUI||
51 10 97039 2|STE WIC|.50|.50|1.50|.50|.50|OUI||
51 10 97291 3|I C F|.50|.00|1.50|.50|.50|OUI||
51 10 97510 6|SOCIETE CHIMIQUE ALKIMIA|.50|.50|1.50|.50|.50|OUI||
51 10 97609 9|MOUNA CONFECTION|1.00|.75|1.50|1.00|1.00|OUI||
51 10 97610 2|CHRISTINE MODE|1.00|.75|1.50|1.00|1.00|OUI||
51 10 97611 0|SOPRODITE|2.00|1.50|1.50|2.00|2.00|OUI||
51 10 97612 9|CHRISTINE CONFECTION|1.00|1.00|1.50|1.00|1.00|OUI||
51 10 97614 5|C M C|1.00|.75|1.50|1.00|1.00|OUI||
51 10 97617 0|TIFFANY NEW CONFECTION|1.00|1.00|1.50|1.00|1.00|OUI||
51 10 97618 8|A D T|1.00|.75|1.50|1.00|1.00|OUI||
51 10 97626 9|I C O S|1.00|1.00|1.50|1.00|1.00|OUI||
51 10 97816 4|ASSAD INTERNATIONAL|4.00|3.50|1.50|4.00|4.00|OUI||
51 10 97831 8|E P P M|.50|1.00|1.50|.50|.50|OUI||
51 10 97836 9|RENOVATION MATERIEL ET SERVICE|4.00|3.50|1.50|4.00|4.00|OUI||
51 10 97856 3|AUTO COMPONENT|4.00|.75|1.50|4.00|4.00|OUI||
51 10 97860 1|IMPACT CONTENT|4.00|3.50|1.50|4.00|4.00|OUI||
51 10 97862 8|M I C|.50|.50|1.50|.50|.50|OUI||
51 10 97889 0|SOCIETE FUBA|.25|.00|1.50|.25|.25|OUI||
51 10 97911 0|INTER COMPANY OUTWEAR|1.00|1.00|1.50|1.00|1.00|OUI||
51 10 97916 0|STE DE CONFECTION MANOUBA|1.00|1.00|1.50|1.00|1.00|OUI||
51 10 97941 1|CHRISTINE FASHION|1.00|1.00|1.50|1.00|1.00|OUI||
51 10 97969 1|F I C|4.00|3.50|1.50|4.00|4.00|OUI||
51 10 98008 8|S.T.P.P|4.00|3.50|1.50|4.00|4.00|OUI||
51 10 98019 3|TRADE IN|4.00|.50|1.50|.50|.50|OUI||
51 10 98024 0|ENTRAC|.50|1.75|1.50|.75|.75|OUI||
51 10 98036 3|ALKIMIA PACKAGING|.50|.50|1.50|.50|.50|OUI||
51 10 98046 0|NEBIHA STORY|4.00|3.50|1.50|4.00|4.00|OUI||
51 10 98048 7|DENIM AUTHORITY|4.00|1.75|1.50|4.00|4.00|OUI||
51 10 98061 4|OZALIS|4.00|3.50|1.50|4.00|4.00|OUI||
51 10 98064 9|LOGO PLAST|4.00|3.50|1.50|4.00|4.00|OUI||
51 30 19675 8|GROUPE CHIMIQUE TUNISIEN|.00|.00|1.50|.00|.00|OUI||
51 32 00907 6||4.00|3.50|1.50|4.00|4.00|OUI||
51 50 00002 7|SABRINA CONFECTION|1.00|1.00|1.50|1.00|1.00|OUI||
51 50 00004 3|SODIPROV|1.00|1.00|1.50|1.00|1.00|OUI||
51 50 00008 6|STE VESTRALIA|1.00|1.00|1.50|1.00|1.00|OUI||
51 50 00011 6|SABRINCOM|1.00|1.00|1.50|1.00|1.00|OUI||
51 50 00014 0|M 2 B|4.00|3.50|1.50|4.00|4.00|OUI||
51 50 00019 1|GIL B TUNISIE|1.00|1.00|1.50|1.00|1.00|OUI||
51 50 00022 1|MVM|4.00|3.50|1.50|4.00|4.00|OUI||
51 50 00023 0|TBS + BRODERIE|1.00|1.00|1.50|1.00|1.00|OUI||
51 50 00029 9|JAEGER CONTROLS TUNISIA|4.00|3.50|1.50|4.00|4.00|OUI||
51 50 00030 2|JAL GROUPE TUNISIE(CREATION)|.25|.25|1.50|.25|.25|OUI||
51 51 00009 8|SABRINA CONFECTION|4.00|3.50|1.50|4.00|4.00|OUI||
51 51 00016 0|M 2 B|4.00|3.50|1.50|4.00|4.00|OUI||
51 51 00022 5|VESTRALIA|4.00|3.50|1.50|4.00|4.00|OUI||
51 51 00031 4|SOCIETE ORCADE NEGOCE SARL|4.00|3.50|1.50|4.00|4.00|OUI||
51 51 00037 3|JAEGER CONTROLS TUNISIA|4.00|3.50|1.50|4.00|4.00|OUI||
51 51 00040 3|JAL GROUPE(CREATION)|.75|1.75|1.50|.25|.25|OUI||
51 51 00041 1|MVM|4.00|3.50|1.50|4.00|4.00|OUI||
51 51 00044 6|TBS + BRODERIE|4.00|3.50|1.50|4.00|4.00|OUI||
51 51 00045 4|MAILLOTS DE BAIN M2B SARL|4.00|3.50|1.50|4.00|4.00|OUI||
51 51 00048 9|GIL B TUNISIE SARL|4.00|3.50|1.50|4.00|4.00|OUI||
51 51 00138 8|ORCADE CORP|.50|.00|1.50|.50|.50|OUI||
51 53 00002 8|S C I T|4.00|3.50|1.50|.00|4.00|OUI||
51 53 00005 2|S C I T|4.00|3.50|1.50|4.00|4.00|OUI||
51 53 00013 3|INTERNATIONAL BUSINESS|.50|.00|1.50|.50|.50|OUI||
51 53 00018 4|ASSAD INTER|4.00|3.50|1.50|4.00|4.00|OUI||
51 53 00022 2|ENGINEERING PROC.& PROJ.MANAG|4.00|3.50|1.50|4.00|4.00|OUI||
51 53 00025 7|SOCIETE POULONA TRADING|.50|.00|1.50|.50|.50|OUI||
51 53 00027 3|STE TRADE IN SARL|4.00|3.50|1.50|4.00|4.00|OUI||
51 53 00031 1|ENTRAC INTERNATIONAL|4.00|3.50|1.50|4.00|4.00|OUI||
51 53 00034 6|ENTRAC INTERNATIONAL|4.00|3.50|1.50|4.00|4.00|OUI||
51 59 00009 7|G C T|.00|.00|1.50|.00|.00|OUI||
51 59 00022 4|LEE COOPER|4.00|3.50|1.50|4.00|4.00|OUI||
51 59 00052 6|STE CHIMIQUE EL KIMIA|4.00|3.50|1.50|4.00|4.00|OUI||
51 59 00060 7|W I C|4.00|3.50|1.50|4.00|4.00|OUI||
51 59 00061 5|S C I T|4.00|3.50|1.50|4.00|4.00|OUI||
51 59 00065 8|C M C|4.00|3.50|1.50|4.00|4.00|OUI||
51 59 00066 6|CHRISTINE CINFECTION|1.00|1.00|1.50|1.00|1.00|OUI||
51 59 00067 4|T N C|1.00|1.00|1.50|1.00|1.00|OUI||
51 59 00077 1|S C I T|4.00|3.50|1.50|4.00|4.00|OUI||
51 59 00094 1|ENGINEERING PROC.& PROJ.MANAG|4.00|3.50|1.50|4.00|4.00|OUI||
51 59 00101 8|ASSAD INTERNATIONAL|4.00|3.50|1.50|4.00|4.00|OUI||
51 59 00102 6|ASSAD INTERNATIONAL|4.00|3.50|1.50|4.00|4.00|OUI||
51 59 00113 1|M I C|.50|.50|1.50|.50|.50|OUI||
51 59 00116 6|FUBA|4.00|3.50|1.50|4.00|4.00|OUI||
51 59 00120 4|ADT|4.00|3.50|1.50|4.00|4.00|OUI||
51 59 00125 5|ICOS|4.00|3.50|1.50|4.00|4.00|OUI||
51 59 00126 3|ENGINEERING PROC.& PROJ.MANAG|4.00|3.50|1.50|4.00|4.00|OUI||
51 59 00127 1|ICOS|4.00|3.50|1.50|4.00|4.00|OUI||
51 59 00131 0|IMPACT CONTENT|4.00|3.50|1.50|4.00|4.00|OUI||
51 59 00141 7|STE CHIMIQUE ALKIMIA|4.00|3.50|1.50|4.00|4.00|OUI||
51 59 00153 0|INTERNATIONAL COMPAGNY OUTWEAR|4.00|3.50|1.50|4.00|4.00|OUI||
51 59 00158 1|FINISHING INTL COMPANY F.I.C|4.00|3.50|1.50|4.00|4.00|OUI||
51 59 00162 0|SOPRODITE|4.00|3.50|1.50|4.00|4.00|OUI||
51 59 00164 6|INTERNATIONAL BUSINESS POULINA|4.00|3.50|1.50|4.00|4.00|OUI||
51 59 00168 9|ENTRAC INTERNATIONAL|4.00|3.50|1.50|4.00|4.00|OUI||
51 59 00174 3|ALKIMIA PACKAGING|.50|.50|1.50|.50|.50|OUI||
51 59 00175 1|ENTRAC INTERNATIONAL|4.00|3.50|1.50|4.00|4.00|OUI||
51 59 00177 8|STE TRADE IN SARL|4.00|3.50|1.50|4.00|4.00|OUI||
51 59 00182 4|LOGO PLAST|4.00|3.50|1.50|4.00|4.00|OUI||
51 59 00183 2|I C F|4.00|3.50|1.50|4.00|4.00|OUI||
51 59 00189 1|MED OIL COMPANY|4.00|3.50|1.50|4.00|4.00|OUI||
51 59 00190 5|MED OIL COMPANY|4.00|3.50|1.50|4.00|4.00|OUI||
51 63 00007 7|SABRINCOM|4.00|3.50|1.50|4.00|4.00|OUI||
51 63 00008 5|GIL B TUNISIE SARL|4.00|3.50|1.50|4.00|4.00|OUI||
51 63 00010 7|T.B.S BRODERIE|4.00|3.50|1.50|4.00|4.00|OUI||
51 63 00011 5|STE SO DI PROV SARL|4.00|3.50|1.50|4.00|4.00|OUI||
51 63 00012 3|M2B|4.00|3.50|1.50|4.00|4.00|OUI||
51 63 00013 1|SABRINCOM|4.00|3.50|1.50|4.00|4.00|OUI||
51 63 00015 8|GIL B TUNISIE|4.00|3.50|1.50|4.00|4.00|OUI||
51 63 00016 6|JAEGER CONTROLS TUNISIA SA|4.00|3.50|1.50|4.00|4.00|OUI||
51 63 00022 0||4.00|3.50|1.50|4.00|4.00|OUI||
51 65 00001 5|STE JAL GROUP TUNISIE|4.00|3.50|1.50|4.00|4.00|OUI||
51 65 00003 1|JAEGER CONTROLS TUNISIA SA|4.00|3.50|1.50|4.00|4.00|OUI||
52 10 00701 8|SPEED STYL|4.00|3.50|1.50|4.00|4.00|OUI||
52 10 00812 0|COFITEL|4.00|3.50|1.50|4.00|4.00|OUI||
52 10 00870 7|F T I T|.25|.25|1.50|.25|.25|OUI||
52 10 00949 5|LYNESAL|4.00|3.50|1.50|4.00|4.00|OUI||
52 10 00989 4|SOCIETE  COTUNAL|.25|.25|1.50|.25|.25|OUI||
52 10 00996 7|S.E.C.S|4.00|3.50|1.50|4.00|4.00|OUI||
52 10 01097 3|FRIGATE|4.00|3.50|1.50|4.00|4.00|OUI||
52 10 01129 5|ROYAL TRADING|.25|.25|1.50|.25|.25|OUI||
52 10 01196 1|STE B.C.I|4.00|3.50|1.50|4.00|4.00|OUI||
52 50 00063 6||4.00|3.50|1.50|4.00|4.00|OUI||
52 50 00120 9|TERMINAL PRO|4.00|3.50|1.50|4.00|4.00|OUI||
52 50 00178 0|IMITUNIS|4.00|3.50|1.50|4.00|4.00|OUI||
52 50 00228 0|AVANT GARDE|4.00|3.50|1.50|4.00|4.00|OUI||
52 51 00092 3|TERMINAL PRO|4.00|3.50|1.50|4.00|4.00|OUI||
52 51 00128 8|AVANT GARDE|4.00|3.50|1.50|4.00|4.00|OUI||
52 51 00130 0|IMITUNIS|4.00|3.50|1.50|4.00|4.00|OUI||
52 53 00002 5|FTIT|.25|.25|1.50|.25|.25|OUI||
52 53 00006 8|FTIT|.25|.25|1.50|.25|.25|OUI||
52 53 00007 6|FRANCO TUNISIENNE TRAIDING|4.00|3.50|1.50|4.00|4.00|OUI||
52 53 00009 2|SOCIETE COTUNAL|.25|.25|1.50|.25|.25|OUI||
52 53 00012 2|STE COTUNAL|.00|3.50|1.50|.00|.00|OUI||
52 53 00013 0|ROYAL TRADING|.25|.25|1.50|.25|.25|OUI||
52 53 00014 9|ROYAL TRADING|.25|.25|1.50|.25|.25|OUI||
52 59 00016 7|SPEED STYL|4.00|3.50|1.50|4.00|4.00|OUI||
52 59 00034 5|FRANCO TUNISIENNE TRAIDING|4.00|3.50|1.50|4.00|4.00|OUI||
52 59 00035 3|FRANCO TUNISIENNE TRAIDING|4.00|3.50|1.50|4.00|4.00|OUI||
52 59 00056 6|S.E.C.S|4.00|3.50|1.50|4.00|4.00|OUI||
52 59 00064 7||4.00|3.50|1.50|4.00|4.00|OUI||
52 59 00105 8|STE B.C.I|4.00|3.50|1.50|4.00|4.00|OUI||
52 59 00119 8|FRIGATE|4.00|3.50|1.50|4.00|4.00|OUI||
54 50 00017 7|KROMBERG ET SCHUBERT|4.00|3.50|1.50|4.00|4.00|OUI||
54 51 00021 9|KROMBERG ET SCHUBERT|4.00|3.50|1.50|4.00|4.00|OUI||
54 63 00001 0|KROMBERG ET SCHUBERT SARL|4.00|3.50|1.50|4.00|4.00|OUI||
55 50 00022 0|PRIMO PACK|4.00|3.50|1.50|4.00|4.00|OUI||
55 50 00038 7|MAGECON INTER|4.00|3.50|1.50|4.00|4.00|OUI||
55 50 00069 7|M G I COUTIER|4.00|3.50|1.50|4.00|4.00|OUI||
55 51 00006 2|MAGECO|4.00|3.50|1.50|4.00|4.00|OUI||
55 51 00059 3|M G I COUTIER|4.00|3.50|1.50|4.00|4.00|OUI||
55 63 00006 8|MAGECO INTERNATIONAL|4.00|3.50|1.50|4.00|4.00|OUI||
55 63 00009 2|STE M G I COUTIER TUNISIE|4.00|3.50|1.50|4.00|4.00|OUI||
57 10 00625 5|2 CW INTERNATIONAL|4.00|3.50|1.50|4.00|4.00|OUI||
57 59 00013 9|2 CW INTERNATIONAL|4.00|3.50|1.50|4.00|4.00|OUI||
57 59 00021 0|2 CW INTERNATIONAL|4.00|3.50|1.50|4.00|4.00|OUI||
58 10 00310 5|AZEAPESCA|4.00|3.50|1.50|4.00|4.00|OUI||
58 10 00364 4|MED CO FASHION|4.00|3.50|1.50|4.00|4.00|OUI||
58 50 00072 9|AHLEMEYER CHEMISES|4.00|3.50|1.50|4.00|4.00|OUI||
58 51 00157 5|AHLEMEYER CHEMISES|4.00|3.50|1.50|4.00|4.00|OUI||
58 59 00014 4|MED CO FASHION|4.00|3.50|1.50|4.00|4.00|OUI||
58 63 00011 6|AHLEMEYERS CHEMISES|4.00|3.50|1.50|4.00|4.00|OUI||
59 10 00370 6|GENERALE TEXTILE|1.00|.75|1.50|1.00|1.00|OUI||
59 10 00445 1|STE SOFIMA|1.00|1.00|1.50|1.00|1.00|OUI||
59 10 00523 7|STE INTER|.50|.50|1.50|.50|.50|OUI||
59 10 00681 0|S I T|.25|.25|1.50|.25|.25|OUI||
59 10 00733 7|COFITEL|4.00|3.50|1.50|4.00|4.00|OUI||
59 10 00957 7|INTERMAIL|4.00|3.50|1.50|4.00|4.00|OUI||
59 10 00968 2|GET SER|4.00|3.50|1.50|4.00|4.00|OUI||
59 10 00998 4|KABEX|4.00|3.50|1.50|4.00|4.00|OUI||
59 10 01062 1|AGRO EXPORT|.25|.25|1.50|.25|.25|OUI||
59 10 01066 4|GERVASONI|1.00|1.00|1.50|1.00|1.00|OUI||
59 10 01095 8|AREX|1.00|1.00|1.50|1.00|1.00|OUI||
59 10 01186 5|SOFIMA FILTRES|4.00|3.50|1.50|4.00|4.00|OUI||
59 10 01293 4|STE ARES INTERNATIONAL|4.00|3.50|1.50|4.00|4.00|OUI||
59 10 01295 0|STE STAG|2.00|1.50|1.50|2.00|2.00|OUI||
59 10 01308 6|STE GALI MODE|4.00|3.50|1.50|4.00|4.00|OUI||
59 10 97015 3|S T T C|2.00|.20|1.50|2.00|2.00|OUI||
59 10 97527 9|STE UNION DE COMMERCE|1.00|1.50|1.50|1.50|1.50|OUI||
59 32 00414 5|SOFIMA FILTERS|4.00|3.50|1.50|4.00|4.00|OUI||
59 50 00094 7|ALYSSA INTER|.25|.25|1.50|.25|.25|OUI||
59 50 00172 2|TEINTURERIE ET FINISSAGE MEDIT|4.00|3.50|1.50|4.00|4.00|OUI||
59 50 00181 1|SAFAS TUNISIE|4.00|3.50|1.50|4.00|4.00|OUI||
59 50 00185 4|SOCIETE MEDLOG SARL|4.00|3.50|1.50|4.00|4.00|OUI||
59 51 00089 4|ALYSSA INTER TRADE|.25|.25|1.50|.25|.25|OUI||
59 51 00115 7|ALYSSA INTER|.25|.25|1.50|.25|.25|OUI||
59 51 00325 7|SAFAS TUNISIE|4.00|3.50|1.50|4.00|4.00|OUI||
59 51 00335 4|SOCIETE MEDLOG SARL|4.00|3.50|1.50|4.00|4.00|OUI||
59 51 00371 0|ENTRAC INTERNATIONAL|4.00|3.50|1.50|4.00|4.00|OUI||
59 51 00420 2|TF M SARL (INDISPONIBLE)|4.00|3.50|1.50|4.00|4.00|OUI||
59 51 00423 7|TF M SARL (INDISPONIBLE)|4.00|3.50|1.50|4.00|4.00|OUI||
59 53 00001 8|STE UNION COMMERCIALE|1.00|1.50|1.50|1.50|1.50|OUI||
59 53 00003 4|STE UNION COMMERCIALE|1.00|1.50|1.50|1.50|1.50|OUI||
59 53 00008 5|SAHEL INTERNATIONAL TRADE|4.00|3.50|1.50|4.00|4.00|OUI||
59 53 00017 4|SAHEL INTERNATIONAL TRADE|4.00|3.50|1.50|4.00|4.00|OUI||
59 59 00022 2|G E T|4.00|3.50|1.50|4.00|4.00|OUI||
59 59 00049 4|SAHEL INTERNATIONAL TRADE|4.00|3.50|1.50|4.00|4.00|OUI||
59 59 00050 8|STE SOFIMA|4.00|3.50|1.50|4.00|4.00|OUI||
59 59 00054 0|STE UNION COMMERCIAL|4.00|3.50|1.50|4.00|4.00|OUI||
59 59 00057 5|S T T C|4.00|3.50|1.50|4.00|4.00|OUI||
59 59 00063 0|SAHEL INTERNATIONAL TRADE|.25|.25|1.50|.25|.25|OUI||
59 59 00069 9|UNION COMMRERCIAL|4.00|3.50|1.50|4.00|4.00|OUI||
59 59 00091 5|STE INTERMAIL|4.00|3.50|1.50|4.00|4.00|OUI||
59 59 00095 8|UNION COMMERCIAL|4.00|3.50|1.50|4.00|4.00|OUI||
59 59 00103 2|GET SER|4.00|3.50|1.50|4.00|4.00|OUI||
59 59 00110 5|G.E.T GENERALE TEXTILE|4.00|3.50|1.50|4.00|4.00|OUI||
59 59 00121 0|STE AGRO EXPORT|.25|.25|1.50|.25|.25|OUI||
59 59 00122 9|AGRO EXPORT SAHEL SAGES|4.00|3.50|1.50|4.00|4.00|OUI||
59 59 00123 7|GERVASONI|4.00|3.50|1.50|4.00|4.00|OUI||
59 59 00129 6|STE ARES INTERNATIONAL|4.00|3.50|1.50|4.00|4.00|OUI||
59 59 00132 6|COFITEL|4.00|3.50|1.50|4.00|4.00|OUI||
59 59 00134 2|A R EX|4.00|3.50|1.50|4.00|4.00|OUI||
59 59 00154 7|TEXTILE CONSULTING|4.00|3.50|1.50|4.00|4.00|OUI||
59 59 00155 5|KABEX CORPORATION|4.00|3.50|1.50|4.00|4.00|OUI||
59 59 00200 4|STE ARES INTERNATIONAL|4.00|3.50|1.50|4.00|4.00|OUI||
59 59 00221 7|AGRO EXPORT SAHEL SAGES|4.00|3.50|1.50|4.00|4.00|OUI||
59 59 00222 5|AGRO EXPORT SAHEL SAGES|4.00|3.50|1.50|4.00|4.00|OUI||
59 63 00043 1|ALYSSA INTERNATIONAL TRADE|4.00|3.50|1.50|4.00|4.00|OUI||
59 63 00051 2|SAFAS TUNISIE|4.00|3.50|1.50|4.00|4.00|OUI||
59 65 00003 0|TEINTURERIE ET FINIS MEDITERAN|4.00|3.50|1.50|4.00|4.00|OUI||
59 65 00004 8|SAFAS TUNISIE|4.00|3.50|1.50|4.00|4.00|OUI||
59 65 00010 2|ALYSSA IN INTERNATIONAL TRADE|4.00|3.50|1.50|4.00|4.00|OUI||
60 10 60488 3|AGPIGOLD|2.00|.20|1.50|2.00|2.00|OUI||
60 30 52418 5|C P G|.00|.00|1.50|.00|.00|OUI||
60 59 00009 6|COMP DES PHOSPHATES DE GAFSA|.00|.00|1.50|.00|.00|OUI||
60 59 00042 8|AGRIGOLD|4.00|3.50|1.50|4.00|4.00|OUI||
60 59 00043 6|AGRIGOLD|4.00|3.50|1.50|4.00|4.00|OUI||
61 10 00290 2|COMPAGNIE GENERAL DE CONFECTIO|1.25|1.25|1.50|1.25|1.25|OUI||
61 10 00993 1|MEDITCO|4.00|3.50|1.50|4.00|4.00|OUI||
61 10 01021 2|STE VOGUE|4.00|3.50|1.50|4.00|4.00|OUI||
61 10 01076 0|IDEAL DE COMMERCE|4.00|3.50|1.50|4.00|4.00|OUI||
61 10 01172 3|STE MARKETING CONSUL.SERV.INT.|4.00|3.50|1.50|4.00|4.00|OUI||
61 40 19351 6|MR FERJANI MED RIDHA|4.00|3.50|1.50|4.00|4.00|OUI||
61 50 00119 4|STE MARKETING TRAD. SERV. INT|4.00|3.50|1.50|4.00|4.00|OUI||
61 50 00140 2|STE TUNITEK INDUSTRY|4.00|3.50|1.50|4.00|4.00|OUI||
61 51 00484 7|STE MARKETING TRAD.SERV. INT.|4.00|3.50|1.50|4.00|4.00|OUI||
61 51 00635 1|STE MARKETING TRAD.SERV.INT.|4.00|3.50|1.50|4.00|4.00|OUI||
61 51 00684 0|STE TUNITEK INDUSTRY|4.00|3.50|1.50|4.00|4.00|OUI||
61 59 00030 1|MEDITCO|4.00|3.50|1.50|4.00|4.00|OUI||
61 59 00036 0|IDEAL DE COMMERCE INTERNATIONA|4.00|3.50|1.50|4.00|4.00|OUI||
61 59 00045 0|STE MARKETING CONSUL.SERV.INT.|4.00|3.50|1.50|4.00|4.00|OUI||
61 59 00050 6|COMPAGNIE GENERALE DE CONFECTI|4.00|3.50|1.50|4.00|4.00|OUI||
62 10 51080 8|BUDD PROTECMAR|4.00|3.50|1.50|4.00|4.00|OUI||
62 50 99100 0|ALVA TUNISIA S.A.|4.00|3.50|1.50|4.00|4.00|OUI||
62 51 00450 0|ALVA TUNISIA S.A.|4.00|3.50|1.50|4.00|4.00|OUI||
63 10 52638 8|TOP FASHION|.50|.50|1.50|.50|.50|OUI||
63 59 00006 3|TOP FAHION|4.00|3.50|1.50|4.00|4.00|OUI||
64 10 60021 6|T F C T|.50|.50|1.50|.50|.50|OUI||
64 10 60163 8|SAILOR CONSULTING|4.00|3.50|1.50|4.00|4.00|OUI||
64 10 60360 6|ARCHIPEL CONFECTION|4.00|3.50|1.50|4.00|4.00|OUI||
64 10 60460 2|STE FAST|4.00|3.50|1.50|4.00|4.00|OUI||
64 50 99160 9|SOCIETE PROVERBE|4.00|3.50|1.50|4.00|4.00|OUI||
64 50 99178 1|UNILABEL TUNISIE|4.00|3.50|1.50|4.00|4.00|OUI||
64 50 99205 2|COMMERCIAL ARQUE AUTO|4.00|3.50|1.50|4.00|4.00|OUI||
64 51 00107 6|SOCIETE PROVERBE|4.00|3.50|1.50|4.00|4.00|OUI||
64 51 00127 0|UNILABEL TUNISIE|4.00|3.50|1.50|4.00|4.00|OUI||
64 51 00327 3|COMMERCIAL ARQUE AUTO|4.00|3.50|1.50|4.00|4.00|OUI||
64 59 00014 1|T F C T|.50|.50|1.50|.50|.50|OUI||
64 59 00074 5|ARCHIPEL CONFECTION SARL|4.00|3.50|1.50|4.00|4.00|OUI||
64 59 00085 0|STE FAST|4.00|3.50|1.50|4.00|4.00|OUI||
66 59 00005 7|SOPIC|4.00|3.50|1.50|4.00|4.00|OUI||
67 10 00866 1|SOCIETE D'INGENIERIE DE L'ENVI|.50|.50|1.50|.50|.50|OUI||
67 10 00979 0|STE CPA TUNISIE|4.00|3.50|1.50|4.00|4.00|OUI||
67 10 01141 7|MANAGEMENTS SOLUTIONS|4.00|3.50|1.50|4.00|4.00|OUI||
67 10 01245 6|STE CPA TUNISIE|4.00|3.50|1.50|4.00|4.00|OUI||
67 10 01366 5|K B A INTERNATIONAL|4.00|3.50|1.50|4.00|4.00|OUI||
67 10 01503 0|STE ASTERIA|4.00|3.50|1.50|4.00|4.00|OUI||
67 50 00598 3|AMB REPUBLIQUE ISLAMIQUE IRAN|4.00|3.50|1.50|4.00|4.00|OUI||
67 50 01027 8|MRS INTERNATIONAL|4.00|3.50|1.50|4.00|4.00|OUI||
67 50 01036 7|INTERACTIVE TECHNOLOGIE|4.00|3.50|1.50|4.00|4.00|OUI||
67 50 01061 8|SAGEMCOM TUNISIE|4.00|.25|1.50|4.00|4.00|OUI||
67 50 01062 6|SAGEMCOM SERVICES TUNISIE|4.00|3.50|1.50|4.00|4.00|OUI||
67 50 01063 4|SAGEMCOM ENERGIY ET TELECOM TU|4.00|3.50|1.50|4.00|4.00|OUI||
67 50 01068 5|STE PREFA CONCEPT|4.00|3.50|1.50|4.00|4.00|OUI||
67 50 01087 1|STE MAGHREB HR|4.00|3.50|1.50|4.00|4.00|OUI||
67 51 00080 2|AMB REPUBLIQUE ISLAMIQUE IRAN|4.00|3.50|1.50|4.00|4.00|OUI||
67 51 00441 7|MAGECO INTERNATIONAL|4.00|3.50|1.50|4.00|4.00|OUI||
67 51 00588 0|AMB REPUBLIQUE ISLAMIQUE IRAN|4.00|3.50|1.50|4.00|4.00|OUI||
67 51 01139 1|MRS INTERNATIONAL|4.00|3.50|1.50|4.00|4.00|OUI||
67 51 01222 3|GAILLETON CONFECTION SARL|4.00|3.50|1.50|4.00|4.00|OUI||
67 51 01230 4|INTERACTIVE TECHNOLOGIE|4.00|3.50|1.50|4.00|4.00|OUI||
67 51 01301 7|STE MAGHREB HR|4.00|3.50|1.50|4.00|4.00|OUI||
67 51 01304 1|STE NEWOIL TUNISIA|4.00|3.50|1.50|4.00|4.00|OUI||
67 51 01310 6|SAGEMCOM SERVICES TUNISIE|4.00|3.50|1.50|4.00|4.00|OUI||
67 51 01311 4|SAGEMCOM ENERGIY ET TELECOM TU|4.00|3.50|1.50|4.00|4.00|OUI||
67 51 01312 2|SAGEMCOM TUNISIE|4.00|.25|1.50|4.00|4.00|OUI||
67 51 01339 4|SAGEMCOM TUNISIE|4.00|.25|1.50|4.00|4.00|OUI||
67 51 01340 8|SAGEMCOM ENERGIY ET TELECOM TU|4.00|3.50|1.50|4.00|4.00|OUI||
67 51 01349 1|STE PREFA CONCEPT|4.00|3.50|1.50|4.00|4.00|OUI||
67 51 01370 0|STE NEWOIL TUNISIA|4.00|3.50|1.50|4.00|4.00|OUI||
67 51 01373 4|SAGEMCOM ENERGIY ET TELECOM TU|4.00|3.50|1.50|4.00|4.00|OUI||
67 51 01374 2|SAGEMCOM TUNISIE|4.00|.25|1.50|4.00|4.00|OUI||
67 59 00070 4|MANAGEMENTS SOLUTIONS|4.00|3.50|1.50|4.00|4.00|OUI||
67 59 00111 5|STE CPA TUNISIE|4.00|3.50|1.50|4.00|4.00|OUI||
67 59 00119 0|STE I 2 E|4.00|3.50|1.50|4.00|4.00|OUI||
67 59 00123 9|KBA INTERNATIONAL|4.00|3.50|1.50|4.00|4.00|OUI||
67 59 00156 5|STE ASTERIA|4.00|3.50|1.50|4.00|4.00|OUI||
67 62 00097 9|SAGEMCOM ENERGIY ET TELECOM TU|4.00|3.50|1.50|4.00|4.00|OUI||
67 62 00103 7|SAGEMCOM TUNISIE|4.00|3.50|1.50|4.00|4.00|OUI||
67 63 00021 2|AMB REPUBLIQUE ISLAMIQUE IRAN|4.00|3.50|1.50|4.00|4.00|OUI||
67 63 00064 6|SAGEMCOM TUNISIE|4.00|3.50|1.50|4.00|4.00|OUI||
67 63 00065 4|SAGEMCOM SERVICES TUNISIE|4.00|3.50|1.50|4.00|4.00|OUI||
67 63 00066 2|SAGEMCOM ENERGIY ET TELECOM TU|4.00|3.50|1.50|4.00|4.00|OUI||
68 10 01195 3|EMBEDDED SYSTEMS|4.00|3.50|1.50|4.00|4.00|OUI||
68 10 01500 2|MALEK CONFECTION|4.00|3.50|1.50|4.00|4.00|OUI||
68 10 01682 3|SOCIETE A.M.G  SARL|2.00|1.50|1.50|2.00|2.00|OUI||
68 10 01691 2|FCC EXPORT|4.00|3.50|1.50|4.00|4.00|OUI||
68 10 01753 6|STE KENDO SERVICES|4.00|3.50|1.50|4.00|4.00|OUI||
68 50 00317 1|STE BSA TUNISIE|4.00|3.50|1.50|4.00|4.00|OUI||
68 51 00152 0|STE BSA TUNISIE|4.00|3.50|1.50|4.00|4.00|OUI||
68 59 00050 7|MALEK CONFECTION|4.00|3.50|1.50|4.00|4.00|OUI||
68 59 00080 9|SOCIETE A.M.G  SARL|2.00|1.50|1.50|2.00|2.00|OUI||
68 59 00082 5|FCC EXPORT|4.00|3.50|1.50|4.00|4.00|OUI||
68 59 00400 6|SOCIETE MEDIANET INTERNATIONAL|4.00|3.50|1.50|4.00|4.00|OUI||
71 10 00009 4|NOUVELAIR|.50|.50|1.50|.50|.50|OUI||
71 10 00223 2|SYNERGY INTER|4.00|.25|1.50|.25|.25|OUI||
71 10 00244 5|DUFRY TUNISIE|4.00|3.50|1.50|4.00|4.00|OUI||
71 50 32739 8|STE ACDIMA|4.00|3.50|1.50|4.00|4.00|OUI||
71 50 35049 7|COTTON COMPANY|.25|.25|1.50|4.00|.25|OUI||
71 50 35066 7|WEITNAUER|4.00|3.50|1.50|4.00|4.00|OUI||
71 50 35223 6|T F C E|4.00|3.50|1.50|4.00|4.00|OUI||
71 50 35532 4|MARTEK POWER|4.00|3.50|1.50|4.00|4.00|OUI||
71 50 35584 7|COTTON COMPANY GHEZALA|4.00|3.50|1.50|4.00|4.00|OUI||
71 50 35676 2|LUNDIN|4.00|3.50|1.50|4.00|4.00|OUI||
71 50 35942 7|AMBASSADE DE TURQUIE|4.00|3.50|1.50|4.00|4.00|OUI||
71 50 35970 2|AMBASSADE DE TURQUE|4.00|3.50|1.50|4.00|4.00|OUI||
71 50 35982 6|AMBASSADE D ALGERIE|4.00|3.50|1.50|4.00|4.00|OUI||
71 50 36032 8|STE COMMECA TUNISIE|4.00|3.50|1.50|4.00|4.00|OUI||
71 50 36036 0|AMBASSADE DE BURKHINA FASO|4.00|3.50|1.50|4.00|4.00|OUI||
71 50 36138 3|DHALIATEX|4.00|3.50|1.50|4.00|4.00|OUI||
71 50 36281 9|AMBASSADE D ALGERIE|4.00|3.50|1.50|4.00|4.00|OUI||
71 50 36282 7|AMBASSADE D ALGERIE|4.00|3.50|1.50|4.00|4.00|OUI||
71 50 36403 0|DNO TUNISIA|4.00|3.50|1.50|4.00|4.00|OUI||
71 50 36416 1|STE W MAGIC|4.00|3.50|1.50|4.00|4.00|OUI||
71 50 36425 0|DARIN COMMUNICATION|4.00|3.50|1.50|4.00|4.00|OUI||
71 51 03349 5|STE ACDIMA|4.00|3.50|1.50|4.00|4.00|OUI||
71 51 04100 5|T F C E|.50|.25|1.50|4.00|4.00|OUI||
71 51 05176 0|CENTRE DE LA LIGUE ETAT ARABE|4.00|3.50|1.50|4.00|4.00|OUI||
71 51 08009 4|COPAREX|4.00|3.50|1.50|4.00|4.00|OUI||
71 51 08205 4|WEITNAUER|4.00|3.50|1.50|4.00|4.00|OUI||
71 51 08206 2|WEITNAUER|4.00|3.50|1.50|4.00|4.00|OUI||
71 51 08207 0|WEITNAUER|4.00|3.50|1.50|4.00|4.00|OUI||
71 51 08210 0|WEITNAUER|4.00|3.50|1.50|4.00|4.00|OUI||
71 51 09036 7|AMBASSADE D ALGERIE|4.00|3.50|1.50|4.00|4.00|OUI||
71 51 09451 6|STE SOLTANE INDUSTRIE|4.00|3.50|1.50|4.00|4.00|OUI||
71 51 09772 8|LUNDIN|4.00|3.50|1.50|4.00|4.00|OUI||
71 51 09773 6|LUNDIN OIL BV|4.00|3.50|1.50|4.00|4.00|OUI||
71 51 09774 4|LUNDIN|4.00|3.50|1.50|4.00|4.00|OUI||
71 51 09775 2|LUNDIN|4.00|3.50|1.50|4.00|4.00|OUI||
71 51 09860 0|COTTON CO GHZALA|4.00|3.50|1.50|4.00|4.00|OUI||
71 51 10292 6|AMBASSADE D ALGERIE|4.00|3.50|1.50|4.00|4.00|OUI||
71 51 10423 6|AMBASSADE DE TURQUIE|4.00|3.50|1.50|4.00|4.00|OUI||
71 51 10424 4|AMBASSADE DE TURQUIE|4.00|3.50|1.50|4.00|4.00|OUI||
71 51 10779 0|AMBASSADE DE TURQUIE|4.00|3.50|1.50|4.00|4.00|OUI||
71 51 10810 0|COTTON COMPANY|4.00|3.50|1.50|4.00|4.00|OUI||
71 51 10892 4|STE COMMECA TUNISIE|4.00|3.50|1.50|4.00|4.00|OUI||
71 51 10916 5|AMBASSADE DE BURKHINA FASO|4.00|3.50|1.50|4.00|4.00|OUI||
71 51 11626 9|T.F.C.E|4.00|3.50|1.50|4.00|4.00|OUI||
71 51 11636 6|DHALIATEX|4.00|3.50|1.50|4.00|4.00|OUI||
71 51 11903 9|AMBASSADE DE TURQUIE|4.00|3.50|1.50|4.00|4.00|OUI||
71 51 11955 1|AMBASSADE DE TURQUIE|4.00|3.50|1.50|4.00|4.00|OUI||
71 51 12361 3|AMBASSADE D ALGERIE|4.00|3.50|1.50|4.00|4.00|OUI||
71 51 12362 1|AMBASSADE D ALGERIE|4.00|3.50|1.50|4.00|4.00|OUI||
71 51 13323 6|DNO TUNISIA|4.00|3.50|1.50|4.00|4.00|OUI||
71 51 13417 8|STE W MAGIC|4.00|3.50|1.50|4.00|4.00|OUI||
71 51 13469 0|DARIN COMMUNICATION|4.00|3.50|1.50|4.00|4.00|OUI||
71 51 13585 9|AMBASSADE DE TURQUIE|4.00|3.50|1.50|4.00|4.00|OUI||
71 51 13586 7|AMBASSADE DE TURQUIE|4.00|3.50|1.50|4.00|4.00|OUI||
71 51 13587 5|AMBASSADE DE TURQUIE|4.00|3.50|1.50|4.00|4.00|OUI||
71 51 13588 3|AMBASSADE DE TURQUIE|4.00|3.50|1.50|4.00|4.00|OUI||
71 51 13921 8|AMBASSADE DE TURQUIE|4.00|3.50|1.50|4.00|4.00|OUI||
71 53 00007 1|SYNERGY INTERNATIONAL|4.00|.25|1.50|4.00|4.00|OUI||
71 53 00009 8|SYNERGY INTER|4.00|3.50|1.50|4.00|4.00|OUI||
71 59 00015 4|AIR LIBERTE TUNISIE|4.00|3.50|1.50|4.00|4.00|OUI||
71 59 00018 9|AIR LIBERTE TUNISIE|4.00|3.50|1.50|4.00|4.00|OUI||
71 59 00048 0|NOUVEL AIR|4.00|3.50|1.50|4.00|4.00|OUI||
71 59 00072 3|DUFRY TUNISIE|4.00|3.50|1.50|4.00|4.00|OUI||
71 59 00134 7|SYNERGY INTERNATIONAL|4.00|3.50|1.50|4.00|4.00|OUI||
71 59 00135 5|SYNERGY INTERNATIONAL|4.00|3.50|1.50|4.00|4.00|OUI||
71 62 27326 9|LUNDIN|4.00|3.50|1.50|4.00|4.00|OUI||
71 62 27430 3|LIDIN OIL|4.00|3.50|1.50|4.00|4.00|OUI||
71 62 27431 1|LUNDIN OIL|4.00|3.50|1.50|4.00|4.00|OUI||
71 62 27488 5|COTTON COMPANY GHEZALA|4.00|3.50|1.50|4.00|4.00|OUI||
71 62 92844 3|CENTRE DE LA LIGUE ETAT ARABE|4.00|3.50|1.50|4.00|4.00|OUI||
71 63 00234 0|T.F.C.E|4.00|3.50|1.50|4.00|4.00|OUI||
71 63 00261 7|T.F.C.E|4.00|3.50|1.50|4.00|4.00|OUI||
71 63 00342 7|AMBASSADE DE TURQUIE|4.00|3.50|1.50|4.00|4.00|OUI||
71 63 00353 2|AMBASSADE D ALGERIE|4.00|3.50|1.50|4.00|4.00|OUI||
71 63 00373 7|DUFRY TUNISIE SA|4.00|3.50|1.50|4.00|4.00|OUI||
71 63 00450 4|COTTON COMPANY GHEZALA|4.00|3.50|1.50|4.00|4.00|OUI||
71 65 00001 8|COTTON COMPANY GHEZALA|4.00|3.50|1.50|4.00|4.00|OUI||
72 10 00489 5|FRIGO INDUS|4.00|.25|1.50|.25|.25|OUI||
72 10 00724 0|INTERNATIONAL MARKTING TRADING|4.00|3.50|1.50|4.00|4.00|OUI||
72 10 00789 4|FRIGO INDUS|4.00|3.50|1.50|4.00|4.00|OUI||
72 10 00851 3|JET TEX|4.00|3.50|1.50|4.00|4.00|OUI||
72 50 00043 4|M K S|4.00|3.50|1.50|4.00|4.00|OUI||
72 50 00084 1|DINEFER TUNISIE|4.00|3.50|1.50|4.00|4.00|OUI||
72 50 00120 1|TEINTURERIE FINASSAGE MEDITERA|4.00|3.50|1.50|4.00|4.00|OUI||
72 50 00136 8|GAILLETON CONFECTION|4.00|3.50|1.50|4.00|4.00|OUI||
72 50 00138 4|DAY TECH MT|.25|.25|1.50|.25|.25|OUI||
72 50 00150 3|DAYCO FUEL AND FLUID|.25|.25|1.50|.25|.25|OUI||
72 50 00157 0||4.00|3.50|1.50|4.00|4.00|OUI||
72 50 00160 0|FILIATURE DE MAHDIA|4.00|3.50|1.50|4.00|4.00|OUI||
72 50 00200 3|ALBATEX SARL|4.00|3.50|1.50|4.00|4.00|OUI||
72 51 00024 1|DINEFER TUNISIE|4.00|3.50|1.50|4.00|4.00|OUI||
72 51 00026 8|MANUFACTURE DE KSAR SAID|4.00|3.50|1.50|4.00|4.00|OUI||
72 51 00030 6|DAYCO FUEL AND FLUID|.25|.25|1.50|.25|.25|OUI||
72 51 00038 1|GAILLETON CONFECTION|4.00|3.50|1.50|4.00|4.00|OUI||
72 51 00041 1|STE DYTEC M T|4.00|3.50|1.50|4.00|4.00|OUI||
72 51 00081 0||4.00|3.50|1.50|4.00|4.00|OUI||
72 51 00090 0|FILIATURE DE MAHDIA|4.00|3.50|1.50|4.00|4.00|OUI||
72 51 00125 6|TEINTURERIE FINASSAGE MEDITERA|4.00|3.50|1.50|4.00|4.00|OUI||
72 53 00001 0|FRIGO INDUS|4.00|3.50|1.50|.00|.00|OUI||
72 59 00002 0|FRIGO INDUS|4.00|3.50|1.50|4.00|4.00|OUI||
72 59 00080 1|JET TEX|4.00|3.50|1.50|4.00|4.00|OUI||
72 62 00012 0|TEINTURERIE ET FINISSAGE MEDIT|4.00|3.50|1.50|4.00|4.00|OUI||
72 62 00016 2|TEINTURERIE ET FINISSAGE MEDIT|4.00|3.50|1.50|4.00|4.00|OUI||
72 62 00020 0|DAYCO FUEL AND FLUID|.25|.25|1.50|.25|.25|OUI||
72 63 00002 6|MANUFACTURE DE KSAR SAID|4.00|3.50|1.50|4.00|4.00|OUI||
72 63 00003 4|DAYCO|4.00|3.50|1.50|4.00|4.00|OUI||
72 63 00005 0|TEINTURERIE FINASSAGE MEDITERA|4.00|3.50|1.50|4.00|4.00|OUI||
72 63 00007 7|DINEFER TUNISIE|4.00|3.50|1.50|4.00|4.00|OUI||
72 63 00010 7|GAILLETON CONFECTION|4.00|3.50|1.50|4.00|4.00|OUI||
73 10 00274 1|DEFONTAINE TUNISIE|.75|.25|1.50|.75|.75|OUI||
73 50 00035 0|JANSSEN TUNISIE|4.00|3.50|1.50|4.00|4.00|OUI||
73 50 00075 0|S I M.|4.00|3.50|1.50|4.00|4.00|OUI||
73 50 00150 0|SOFT MAINT TUNISIE|4.00|3.50|1.50|4.00|4.00|OUI||
73 51 00056 7|JANSEN TUNISIE|4.00|3.50|1.50|4.00|4.00|OUI||
73 51 00064 8|FRAMATEX|4.00|3.50|1.50|4.00|4.00|OUI||
73 51 00067 2|S I M|4.00|3.50|1.50|4.00|4.00|OUI||
73 51 00105 9|SOFT MAINT TUNISIE|4.00|3.50|1.50|4.00|4.00|OUI||
73 59 00004 3|DEFONTAINE|4.00|3.50|1.50|4.00|4.00|OUI||
73 63 00005 8|SOFT MAINT TUNISIE|4.00|3.50|1.50|4.00|4.00|OUI||
73 63 00006 6|JANSSEN TUNISIE|4.00|3.50|1.50|4.00|4.00|OUI||
74 10 00620 5|AVA TUNISIE|4.00|3.50|1.50|4.00|4.00|OUI||
74 50 00060 9|R C S SARL.|4.00|3.50|1.50|4.00|4.00|OUI||
74 50 00073 0|AVA TUNISIE|4.00|3.50|1.50|4.00|4.00|OUI||
74 50 00119 2|B W NAFTA|4.00|3.50|1.50|4.00|4.00|OUI||
74 50 00120 6|B W NAFTA FLUIDS|4.00|3.50|1.50|4.00|4.00|OUI||
74 50 00121 4|B.W. NAFTA FLUIDS|4.00|3.50|1.50|4.00|4.00|OUI||
74 50 00451 5|WORLD FOOD PROGRAMME|4.00|3.50|1.50|4.00|4.00|OUI||
74 51 00027 0|AVA TUNISIE|4.00|3.50|1.50|4.00|4.00|OUI||
74 51 00062 9|B W NAFTA FLUIDS|4.00|3.50|1.50|4.00|4.00|OUI||
74 51 00063 7|B W NAFTA FLUIDS|4.00|3.50|1.50|4.00|4.00|OUI||
74 51 00098 0|AVA TUNISIE|4.00|3.50|1.50|4.00|4.00|OUI||
74 51 00163 3|B.W. NAFTA FLUIDS|4.00|3.50|1.50|4.00|4.00|OUI||
74 51 00200 1|AVA TUNISIE SCCURSALE|4.00|3.50|1.50|4.00|4.00|OUI||
74 51 00516 7|WORLD FOOD PROGRAMME|4.00|3.50|1.50|4.00|4.00|OUI||
74 51 00540 0|AVA TUNISIE SCCURSALE|4.00|3.50|1.50|4.00|4.00|OUI||
74 59 00011 3|AVA TUNISIE SCCURSALE|4.00|3.50|1.50|4.00|4.00|OUI||
74 59 00018 0|AVA TUNISIE SCCURSALE|4.00|3.50|1.50|4.00|4.00|OUI||
74 62 00050 7|BW NFTA FLUIDS|4.00|3.50|1.50|4.00|4.00|OUI||
74 62 00071 0|B.W. NAFTA FLUIDS|4.00|3.50|1.50|4.00|4.00|OUI||
75 10 00166 9|GUHMETEX|.25|3.50|1.50|4.00|4.00|OUI||
75 10 00590 7|GUHMATEX|4.00|3.50|1.50|4.00|4.00|OUI||
75 10 00601 6|STE GUHMETEX (CHANTIER)|4.00|3.50|1.50|4.00|4.00|OUI||
75 10 00966 0|H R S TECHNOLOGIE|4.00|3.50|1.50|4.00|4.00|OUI||
75 59 00003 0|GUHMATEX|4.00|3.50|1.50|4.00|4.00|OUI||
75 59 00009 9|H R S TECHNOLOGIE|4.00|3.50|1.50|4.00|4.00|OUI||
76 10 00607 2|E M K|4.00|3.50|1.50|4.00|4.00|OUI||
76 10 00793 1|NATEX|4.00|.25|1.50|4.00|4.00|OUI||
76 20 04755 9|MAHDI SELLAMI DECOVET|4.00|3.50|1.50|4.00|4.00|OUI||
76 20 06138 1|MOZHER KHANFIR ( E M K EXPORT)|4.00|3.50|1.50|4.00|4.00|OUI||
76 43 00394 0|MR SELLAMI MEHDI DECOVET|4.00|3.50|1.50|4.00|4.00|OUI||
76 59 00002 9|MAHDI SELLAMI DECOVET|4.00|3.50|1.50|4.00|4.00|OUI||
76 59 00007 0|NATEX|4.00|.25|1.50|4.00|4.00|OUI||
76 59 00008 8|NATEX|4.00|.25|1.50|4.00|4.00|OUI||
76 59 00011 8|EMK EXPORT|4.00|3.50|1.50|4.00|4.00|OUI||
77 10 00650 9|CMC INTERNATIONAL|4.00|3.50|1.50|.00|4.00|OUI||
77 10 00905 2|STE MARRAKCHI ASSIST ET CONSEI|4.00|3.50|1.50|4.00|4.00|OUI||
77 10 00966 4|STE FASTEX|4.00|3.50|1.50|4.00|4.00|OUI||
77 10 01006 9|SIGMA INTERNATIONAL|4.00|3.50|1.50|4.00|4.00|OUI||
77 10 01250 9|STE AURASOL|4.00|3.50|1.50|4.00|4.00|OUI||
77 50 00155 0||4.00|3.50|1.50|4.00|4.00|OUI||
77 50 00170 4|ELEKTRON|4.00|3.50|1.50|4.00|4.00|OUI||
77 51 00041 8||4.00|3.50|1.50|4.00|4.00|OUI||
77 51 00135 0|ELEKTRON|4.00|3.50|1.50|4.00|4.00|OUI||
77 59 00003 4|OMC INTER|4.00|3.50|1.50|4.00|4.00|OUI||
77 59 00007 7|STE MARRAKCHI ASSIST ET CONSEI|4.00|3.50|1.50|4.00|4.00|OUI||
77 59 00009 3|FASTEX|4.00|3.50|1.50|4.00|4.00|OUI||
77 59 00027 1|STE AUROSOL|4.00|3.50|1.50|4.00|4.00|OUI||
77 65 00002 0|STE ELEKTRON TUNISIE|4.00|3.50|1.50|4.00|4.00|OUI||
78 10 40559 1|ALPHA SERVICE CLIENT|4.00|3.50|1.50|4.00|4.00|OUI||
78 50 00012 8|STORM VENTURES INTERNATIONAL|4.00|3.50|1.50|4.00|4.00|OUI||
78 50 00025 0|MY IWEB|4.00|3.50|1.50|4.00|4.00|OUI||
78 51 00024 5|STORM VENTURES INTERNATIONAL|4.00|3.50|1.50|4.00|4.00|OUI||
78 59 00011 2|ALPHA SERVICE CLIENT|4.00|3.50|1.50|4.00|4.00|OUI||
78 65 00001 9|STORM VENTURES INTERNATIONAL|4.00|3.50|1.50|4.00|4.00|OUI||
80 50 00044 4|STE BORDNETZE TUNISIA|4.00|3.50|1.50|4.00|4.00|OUI||
80 51 00068 5|STE BORDNETZE TUNISIA|4.00|3.50|1.50|4.00|4.00|OUI||
80 63 00004 4|STE BORDNETZE TUNISIA|4.00|3.50|1.50|4.00|4.00|OUI||
A1 10 00198 8|ARAB EXPORT COMPANY|4.00|1.00|1.50|4.00|4.00|OUI||
A1 10 00320 4|SOCIETE A.M.G  SARL|2.00|.20|1.50|2.00|2.00|OUI||
A1 51 00069 4|TMM INTERNATIONAL SARL|4.00|3.50|1.50|4.00|4.00|OUI||
A1 59 00006 5|SOCIETE A.M.G  SARL|2.00|.20|1.50|2.00|2.00|OUI||
A2 10 00037 7|CONFEXPORT|4.00|3.50|1.50|4.00|4.00|OUI||
A2 10 00102 0|ARCO CONFECTION|4.00|3.50|1.50|4.00|4.00|OUI||
A2 10 00322 8|PORT ARTEX|4.00|3.50|1.50|4.00|4.00|OUI||
A2 10 00412 7|STE HARTECH INTERNATIONAL|4.00|3.50|1.50|4.00|4.00|OUI||
A2 51 00223 6|DODI DE COMMERCE INTERNATIONAL|4.00|3.50|1.50|4.00|4.00|OUI||
A2 51 00224 4|DODI DE COMMERCE INTERNATIONAL|4.00|3.50|1.50|4.00|4.00|OUI||
A2 59 00001 1|CONFEXPORT|4.00|3.50|1.50|4.00|4.00|OUI||
A2 59 00007 0|ARCO CONFECTION|4.00|3.50|1.50|4.00|4.00|OUI||
A2 59 00016 0|PORT ARTEX|4.00|3.50|1.50|4.00|4.00|OUI||
A2 59 00022 4|STE HARTECH INTERNATIONAL|4.00|3.50|1.50|4.00|4.00|OUI||
A2 59 00035 6|ARTEXPORT SARL|4.00|3.50|1.50|4.00|4.00|OUI||
A6 50 00031 0|STE TN MED|4.00|3.50|1.50|4.00|4.00|OUI||
A6 51 00026 7|STE TN MED|4.00|3.50|1.50|4.00|4.00|OUI||
A8 10 02140 8|SYNERGIS|4.00|3.50|1.50|4.00|4.00|OUI||
A8 10 02272 2|STE PROTECH|4.00|3.50|1.50|4.00|4.00|OUI||
A8 10 02930 1|ITIPART|4.00|3.50|1.50|4.00|4.00|OUI||
A8 50 00803 0|ADECCO OFF SHORE|4.00|3.50|1.50|4.00|4.00|OUI||
A8 50 00922 2|PIDIGI NORTH AFRICA|4.00|3.50|1.50|4.00|4.00|OUI||
A8 50 00930 3|PGM TUNISIE|4.00|3.50|1.50|4.00|4.00|OUI||
A8 50 00950 8|OXYMETAL TUNISIE|4.00|3.50|1.50|4.00|4.00|OUI||
A8 50 01064 6|NATIXIS PRAMEX INT|4.00|3.50|1.50|4.00|4.00|OUI||
A8 50 01278 9|STE FASHION WORK|4.00|.25|1.50|4.00|4.00|OUI||
A8 50 01501 0|AGGEDEV|4.00|3.50|1.50|4.00|4.00|OUI||
A8 50 01502 8|AGGECALL|4.00|3.50|1.50|4.00|4.00|OUI||
A8 50 01551 6|STE BORDNETZE TUNISIA|4.00|3.50|1.50|4.00|4.00|OUI||
A8 50 01623 7|M P S I  SARL|4.00|3.50|1.50|4.00|4.00|OUI||
A8 50 01902 3|CORETEX SARL|4.00|3.50|1.50|4.00|4.00|OUI||
A8 50 02001 3|A C M T|4.00|3.50|1.50|4.00|4.00|OUI||
A8 50 02411 6|NERIUM SOFTWARE SARL|4.00|3.50|1.50|4.00|4.00|OUI||
A8 51 00930 7|OXYMETAL TUNISIE|4.00|3.50|1.50|4.00|4.00|OUI||
A8 51 00931 5|PGM TUNISIE|4.00|3.50|1.50|4.00|4.00|OUI||
A8 51 00965 0|IT CONSEIL|4.00|3.50|1.50|4.00|4.00|OUI||
A8 51 01009 7|PIDIGI NORTH AFRICA|4.00|3.50|1.50|4.00|4.00|OUI||
A8 51 01046 1|STE EMKA MED SARL|4.00|3.50|1.50|4.00|4.00|OUI||
A8 51 01064 0|NATIXIS PRAMEX INT|4.00|3.50|1.50|4.00|4.00|OUI||
A8 51 01164 6|NATIXIS PRAMEX INT|4.00|3.50|1.50|4.00|4.00|OUI||
A8 51 01200 6|ADECCO OFF SHORE|4.00|3.50|1.50|4.00|4.00|OUI||
A8 51 01278 2|STE FASHION WORK|4.00|3.50|1.50|4.00|4.00|OUI||
A8 51 01501 3|AGGEDEV|4.00|3.50|1.50|4.00|4.00|OUI||
A8 51 01502 1|AGGECALL|4.00|3.50|1.50|4.00|4.00|OUI||
A8 51 01550 1|STE BORDNETZE TUNISIA|4.00|3.50|1.50|4.00|4.00|OUI||
A8 51 01625 7|M P S I  SARL|4.00|3.50|1.50|4.00|4.00|OUI||
A8 51 01902 7|CORETEX SARL|4.00|3.50|1.50|4.00|4.00|OUI||
A8 51 02001 7|A C M T|4.00|3.50|1.50|4.00|4.00|OUI||
A8 51 02106 4|ADDECCO OFF SHORE|4.00|3.50|1.50|4.00|4.00|OUI||
A8 51 02411 0|NERIUM SOFTWARE SARL|4.00|3.50|1.50|4.00|4.00|OUI||
A8 59 00022 8|SYNERGIS|4.00|3.50|1.50|4.00|4.00|OUI||
A8 59 02930 7|ITIPART|4.00|3.50|1.50|4.00|4.00|OUI||
A8 63 00055 0|ADDECCO OFF SHORE|4.00|3.50|1.50|4.00|4.00|OUI||
A8 63 00087 9|STE BORDNETZE TUNISIA|4.00|3.50|1.50|4.00|4.00|OUI||
A8 63 00095 0|M P S I  SARL|4.00|3.50|1.50|4.00|4.00|OUI||
A8 63 00110 7|ADDECCO OFF SHORE|4.00|3.50|1.50|4.00|4.00|OUI||
A9 10 00173 0|STE ECO OLEO|4.00|3.50|1.50|4.00|4.00|OUI||
A9 50 00102 4|STE COMMECA TUNISIE|4.00|3.50|1.50|4.00|4.00|OUI||
A9 59 00005 5|STE ECO OLEO|4.00|3.50|1.50|4.00|4.00|OUI||
B2 10 00557 9|ASIE INTERNATIONAL|4.00|3.50|1.50|4.00|4.00|OUI||
B2 10 00588 9|STE BEST BUSINESS|4.00|3.50|1.50|4.00|4.00|OUI||
B2 13 00021 7|MR FERJANI MED RIDHA|4.00|3.50|1.50|4.00|4.00|OUI||
B2 43 00330 0|MR FERJANI MED RIDHA|4.00|3.50|1.50|4.00|4.00|OUI||
B2 50 00020 0|SOLTANE IND|4.00|3.50|1.50|4.00|4.00|OUI||
B2 51 00078 6|STE SOLTANE INDUSTRIE|4.00|3.50|1.50|4.00|4.00|OUI||
B2 59 00007 6|STE BEST BUSINESS|4.00|3.50|1.50|4.00|4.00|OUI||
B2 63 00002 1|STE SOLTANE INDUSTRIE|4.00|3.50|1.50|4.00|4.00|OUI||
B3 50 00028 3|STE WELL GO SARL|4.00|3.50|1.50|4.00|4.00|OUI||
B3 51 00070 8|STE WELL GO SARL|4.00|3.50|1.50|4.00|4.00|OUI||
B3 51 00097 0|STE WELL GO SARL|4.00|3.50|1.50|4.00|4.00|OUI||
B4 10 00285 0||4.00|3.50|1.50|4.00|4.00|OUI||
B4 50 00022 1|STE CYNAPSUS INC|4.00|3.50|1.50|4.00|4.00|OUI||
B4 51 00046 2|TEKONSULT INTERNATIONAL|4.00|3.50|1.50|4.00|4.00|OUI||
B4 51 00050 0|STE CYNASUS INC|4.00|3.50|1.50|4.00|4.00|OUI||
B4 51 00052 7|STE SYNAPSUS INC|4.00|3.50|1.50|4.00|4.00|OUI||
B4 51 00063 2|TEKONSULT INTERNATIONAL|4.00|3.50|1.50|4.00|4.00|OUI||
B4 59 00008 9||4.00|3.50|1.50|4.00|4.00|OUI||
B4 59 00030 5||4.00|3.50|1.50|4.00|4.00|OUI||
B5 10 00160 5|IFRISQIYA|4.00|1.00|1.50|4.00|4.00|OUI||
B5 10 00365 9|STE IFRIQIYA ENERGY|4.00|3.50|1.50|4.00|4.00|OUI||
B5 10 00520 1|SOPIC|4.00|3.50|1.50|4.00|4.00|OUI||
B5 32 00380 6|STE IFRIQIYA ENERGY|4.00|3.50|1.50|4.00|4.00|OUI||
B5 53 00001 7|IFRIQIYA DU COMMERCE INTERNATI|4.00|1.00|1.50|4.00|4.00|OUI||
B5 53 00002 5|IFRIQIYA DU COMMERCE INTERNATI|4.00|1.00|1.50|4.00|4.00|OUI||
B5 53 00003 3|STE IFRIQIYA ENERGY|4.00|3.50|1.50|4.00|4.00|OUI||
B5 59 00005 1|SOPIC|4.00|3.50|1.50|4.00|4.00|OUI||
B5 59 00008 6|IFRIQIYA DU COMMERCE INTERNATI|4.00|1.00|1.50|4.00|4.00|OUI||
B5 59 00012 4|IFRIQIYA DU COMMERCE INTERNATI|4.00|1.00|1.50|4.00|4.00|OUI||
B5 59 00059 0|STE IFRIQIYA ENERGY|4.00|3.50|1.50|4.00|4.00|OUI||
B5 59 00060 4|STE IFRIQIYA ENERGY|4.00|3.50|1.50|4.00|4.00|OUI||
B6 10 00250 1|STE TUN DE TRICOT ET DE CONF|4.00|3.50|1.50|4.00|4.00|OUI||
B6 10 00663 9|STE CINQ ETOILES|4.00|3.50|1.50|4.00|4.00|OUI||
B6 50 00387 0|STE NEW WAY SHOES|4.00|3.50|1.50|4.00|4.00|OUI||
B6 51 00444 6|STE NEW WAY SHOES|4.00|3.50|1.50|4.00|4.00|OUI||
B6 59 00034 2|STE CINQ ETOILES|4.00|3.50|1.50|4.00|4.00|OUI||
C1 10 00005 2|CODAR|4.00|3.50|1.50|4.00|4.00|OUI||
C1 10 00047 8|I C S|4.00|3.50|1.50|4.00|4.00|OUI||
C1 10 00156 3|STE P + F G|4.00|3.50|1.50|4.00|4.00|OUI||
C1 10 00159 8|STE G J T E X|4.00|3.50|1.50|4.00|4.00|OUI||
C1 50 00003 9|STE FILATURE DE MAHDIA|4.00|3.50|1.50|4.00|4.00|OUI||
C1 51 00008 3|FILATURE DE MAHDIA|4.00|3.50|1.50|4.00|4.00|OUI||
C1 59 00002 3|CODAR|4.00|3.50|1.50|4.00|4.00|OUI||
C1 59 00016 3|STE P + F G|4.00|3.50|1.50|4.00|4.00|OUI||
C1 59 00022 8|STE G J T E X|4.00|3.50|1.50|4.00|4.00|OUI||
C1 63 00001 1|STE FILATURE DE MAHDIA|4.00|3.50|1.50|4.00|4.00|OUI||
C4 10 00006 2|FLYTEX|4.00|3.50|1.50|4.00|4.00|OUI||
C4 10 00197 2|CLOTHING BUSINESS FAHION|4.00|3.50|1.50|4.00|4.00|OUI||
C4 10 00230 8|STE NEWAY IT|4.00|3.50|1.50|4.00|4.00|OUI||
C4 10 00452 1|STE FASHION TEX|4.00|3.50|1.50|4.00|4.00|OUI||
C4 50 00106 1|GEOLOG INTERNATIONAL BV SUCCU|4.00|3.50|1.50|4.00|4.00|OUI||
C4 50 00128 2|GREEN STAR RESOURCES SARL|4.00|3.50|1.50|4.00|4.00|OUI||
C4 50 00170 3|STE DE CREATION DE SERVICE|4.00|3.50|1.50|4.00|4.00|OUI||
C4 50 00176 2|STE WAOO SARL|4.00|3.50|1.50|4.00|4.00|OUI||
C4 50 00365 0|ETUDE CONSEILGLOBAL ASSURANCE|4.00|3.50|1.50|4.00|4.00|OUI||
C4 50 00385 4|STE NUMHYD A.R.L|.00|.00|.00|.00|.00|OUI||
C4 50 00500 8|SARTORI|4.00|3.50|1.50|4.00|4.00|OUI||
C4 51 00190 1|GEOLOG INTERNATIONAL BV SUCCU|4.00|3.50|1.50|4.00|4.00|OUI||
C4 51 00195 2|GEOLOG INTERNATIONAL BV SUCCU|4.00|3.50|1.50|4.00|4.00|OUI||
C4 51 00291 6|STE DE CREATION DE SERVICE|4.00|3.50|1.50|4.00|4.00|OUI||
C4 51 00311 4|STE WAOO SARL|4.00|3.50|1.50|4.00|4.00|OUI||
C4 51 00412 9|GREEN STAR RESOURCES SARL|4.00|3.50|1.50|4.00|4.00|OUI||
C4 51 00512 5|GREEN STAR RESOURCES SARL|4.00|3.50|1.50|4.00|4.00|OUI||
C4 51 00895 7|STE NUMHYD A.R.L|.00|.00|.00|.00|.00|OUI||
C4 51 00999 6|ETUDE CONSEILGLOBA ASSURANCES|4.00|3.50|1.50|4.00|4.00|OUI||
C4 51 01002 1|GREEN STAR RESOURCES SUARL|4.00|3.50|1.50|4.00|4.00|OUI||
C4 51 01257 1|STE SOCOMATEX|4.00|3.50|1.50|4.00|4.00|OUI||
C4 51 01259 8|STE IDS INFORMATION TECH ET EN|4.00|3.50|1.50|4.00|4.00|OUI||
C4 51 01261 0|LEXTRAY MENA SARL|4.00|3.50|1.50|4.00|4.00|OUI||
C4 51 01271 7|LEXTRAY MENA SARL|4.00|3.50|1.50|4.00|4.00|OUI||
C4 51 01530 9|STE NUMHYD ARL|.00|.00|1.50|.00|.00|OUI||
C4 51 01550 3|SARTORI|4.00|3.50|1.50|4.00|4.00|OUI||
C4 59 00008 4|FLYTEX|4.00|3.50|1.50|4.00|4.00|OUI||
C4 59 00018 1|CLOTHING BUSINESS FAHION|4.00|3.50|1.50|4.00|4.00|OUI||
C4 59 00032 7|STE NEWAY IT|4.00|3.50|1.50|4.00|4.00|OUI||
C4 59 00072 6|STE FASHION TEX|4.00|3.50|1.50|4.00|4.00|OUI||
C7 10 00024 2|SAC|4.00|3.50|1.50|4.00|4.00|OUI||
C7 10 00067 6|STE L ESCALE|4.00|3.50|1.50|4.00|4.00|OUI||
C7 10 00068 4|INTERNATIONAL ASSISTANCE|4.00|3.50|1.50|4.00|4.00|OUI||
C7 10 00071 4|STE FELLA CONFECTION|4.00|3.50|1.50|4.00|4.00|OUI||
C7 32 00075 0|STE SOMALEC SARL|4.00|3.50|1.50|4.00|4.00|OUI||
C7 50 00028 8|S T G S|4.00|3.50|1.50|4.00|4.00|OUI||
C7 50 00030 0|SOMALEC|4.00|3.50|1.50|4.00|4.00|OUI||
C7 50 00037 7|STE MONAPLAST|4.00|3.50|1.50|4.00|4.00|OUI||
C7 50 00040 7|EMKA MED|4.00|3.50|1.50|4.00|4.00|OUI||
C7 50 00045 8|COMPAGNY BEACH|4.00|3.50|1.50|4.00|4.00|OUI||
C7 50 00054 7|CIV TUNISIE|4.00|3.50|1.50|4.00|4.00|OUI||
C7 50 00086 5|STE C.O.M.M|4.00|3.50|1.50|4.00|4.00|OUI||
C7 50 00098 9|STE EMKA ENGINEERING SARL|4.00|3.50|1.50|4.00|4.00|OUI||
C7 50 00127 6|STE CAP STRTEGIQUE|4.00|3.50|1.50|4.00|4.00|OUI||
C7 50 00139 0|STE KARA INDUSTRIE|4.00|3.50|1.50|4.00|4.00|OUI||
C7 50 00151 9|STE ELISHA SARL|4.00|3.50|1.50|4.00|4.00|OUI||
C7 50 00157 8|STE CAP CROISSANCE SARL|4.00|3.50|1.50|4.00|4.00|OUI||
C7 50 00165 9|STE OPTANS SARL|4.00|3.50|1.50|4.00|4.00|OUI||
C7 51 00011 7|S T G S|4.00|3.50|1.50|4.00|4.00|OUI||
C7 51 00012 5|SOMALEC|4.00|3.50|1.50|4.00|4.00|OUI||
C7 51 00020 6|EMKA MED|4.00|3.50|1.50|4.00|4.00|OUI||
C7 51 00030 3|STE MONAPLAST|4.00|3.50|1.50|4.00|4.00|OUI||
C7 51 00036 2|STE COMPANY BEACH|4.00|3.50|1.50|4.00|4.00|OUI||
C7 51 00043 5|CIV TUNISIE|4.00|3.50|1.50|4.00|4.00|OUI||
C7 51 00062 1|STE DECO SERVICES|4.00|3.50|1.50|4.00|4.00|OUI||
C7 51 00071 0|STE C.O.M.M SARL|4.00|3.50|1.50|4.00|4.00|OUI||
C7 51 00091 5|STE EMKA ENGINEERING SARL|4.00|3.50|1.50|4.00|4.00|OUI||
C7 51 00093 1|STE C.O.M.M|4.00|3.50|1.50|4.00|4.00|OUI||
C7 51 00113 0|EUROTUNIS SARL|4.00|3.50|1.50|4.00|4.00|OUI||
C7 51 00121 0|STE CAP STRTEGIQUE|4.00|3.50|1.50|4.00|4.00|OUI||
C7 51 00128 8|STE KARA INDUSTRIE|4.00|3.50|1.50|4.00|4.00|OUI||
C7 51 00134 2|STE ELISHA SARL|4.00|3.50|1.50|4.00|4.00|OUI||
C7 51 00141 5|STE CAP CROISSANCE SARL|4.00|3.50|1.50|4.00|4.00|OUI||
C7 51 00148 2|STE OPTANS SARL|4.00|3.50|1.50|4.00|4.00|OUI||
C7 59 00002 7|STE FELLA CONFECTION|4.00|3.50|1.50|4.00|4.00|OUI||
C7 63 00002 3|CIV TUNISIE|4.00|3.50|1.50|4.00|4.00|OUI||
C7 63 00005 8|EMKA MED|4.00|3.50|1.50|4.00|4.00|OUI||
C7 63 00007 4|STE SOMALEC SARL|4.00|3.50|1.50|4.00|4.00|OUI||
C7 63 00014 7|S T G S|4.00|3.50|1.50|4.00|4.00|OUI||
C7 63 00021 0|STE COMPANY BEACH|4.00|3.50|1.50|4.00|4.00|OUI||
C7 65 00004 7|STE COMPANY BEACH|4.00|3.50|1.50|4.00|4.00|OUI||
C8 50 00005 6|ADDECCO OFF SHORE|4.00|3.50|1.50|4.00|4.00|OUI||
C8 50 00014 5|STE GRADA MODE TUNISIE|4.00|3.50|1.50|4.00|4.00|OUI||
C8 50 00032 3|STE DENIM CONNECTIONS|4.00|3.50|1.50|4.00|4.00|OUI||
C8 51 00035 1|STE GRADA MODE TUNISIE|4.00|3.50|1.50|4.00|4.00|OUI||
C8 51 00089 0|STE DENIM CONNECTIONS|4.00|3.50|1.50|4.00|4.00|OUI||
C8 63 00001 2|STE MONAPLAST SARL|4.00|3.50|1.50|4.00|4.00|OUI||
C9 10 00079 4|STE ATD ELECTRONIC TUNISIA|4.00|3.50|1.50|4.00|4.00|OUI||
C9 10 00122 7|I C E A|4.00|3.50|1.50|4.00|4.00|OUI||
C9 50 00026 6|STE LARDT DU SOULIER|4.00|3.50|1.50|4.00|4.00|OUI||
C9 50 00031 2|STE A2E|4.00|3.50|1.50|4.00|4.00|OUI||
C9 51 00026 0|STE LARDT DU SOULIER|4.00|3.50|1.50|4.00|4.00|OUI||
C9 51 00065 0|STE L ART DU SOULIER|4.00|3.50|1.50|4.00|4.00|OUI||
C9 51 00087 1|STE A2E|4.00|3.50|1.50|4.00|4.00|OUI||
C9 59 00003 0|STE ATD ELECTRONIC TUNISIA|4.00|3.50|1.50|4.00|4.00|OUI||
C9 59 00012 9|I C E A|4.00|3.50|1.50|4.00|4.00|OUI||
D1 10 00146 1|TEINTREX INTERNATIONALE|4.00|3.50|1.50|4.00|4.00|OUI||
D1 50 00024 7|SOCIETE PIXELS|4.00|3.50|1.50|4.00|4.00|OUI||
D1 51 00046 1|STE CAP TUNIS DEPENSES|4.00|3.50|1.50|4.00|4.00|OUI||
D1 51 00092 5|SOCIETE PIXELS|4.00|3.50|1.50|4.00|4.00|OUI||
D1 51 00134 4|SOCIETE PIXELS|4.00|3.50|1.50|4.00|4.00|OUI||
D1 59 00026 6|TEINTREX INTERNATIONALE|4.00|3.50|1.50|4.00|4.00|OUI||
D5 10 00005 7|STE EUROPEENNE TNNE DE CONFECT|1.00|1.00|1.50|1.00|1.00|OUI||
D5 10 00020 0|STE B.S|4.00|3.50|1.50|4.00|4.00|OUI||
D5 10 00190 8|STE TOUNSI DE CONFECTION|4.00|3.50|1.50|4.00|4.00|OUI||
D5 10 00200 9|ETC GROUPE|4.00|3.50|1.50|4.00|4.00|OUI||
D5 50 00006 8|SOCITE VETEMENTS MARATHON|4.00|3.50|1.50|4.00|4.00|OUI||
D5 51 00012 6|SOCITE VETEMENTS MARATHON|4.00|3.50|1.50|4.00|4.00|OUI||
D5 59 00005 2|STE E.T.C|1.00|1.00|1.50|1.00|1.00|OUI||
D5 59 00020 6|STE B S|1.00|1.00|1.50|1.00|1.00|OUI||
D5 59 00025 7|STE E.T.C|1.00|1.00|1.50|1.00|1.00|OUI||
D5 59 00200 4|STE ETC GROUP|4.00|3.50|1.50|4.00|4.00|OUI||
D5 59 00201 2|STE ETC GROUP|4.00|3.50|1.50|4.00|4.00|OUI||
D5 59 00202 0|STE ETC GROUP|4.00|3.50|1.50|4.00|4.00|OUI||
D7 10 00049 3|STE ATU TUNISIE|.25|.25|1.50|.25|.25|OUI||
D7 10 00078 7|TAB|4.00|3.50|1.50|4.00|4.00|OUI||
D7 32 00075 6|STE ATU TUNISIE SARL|4.00|3.50|1.50|4.00|4.00|OUI||
D7 32 00079 9|TAB|4.00|3.50|1.50|4.00|4.00|OUI||
D7 32 00089 6|STE ATU TUNISIE|4.00|3.50|1.50|4.00|4.00|OUI||
D7 50 00036 4|TUNISIAN ATLANTIS TRADING COMP|4.00|3.50|1.50|4.00|4.00|OUI||
D7 51 00035 0|TUNISIAN ATLANTIS TRADING COMP|4.00|3.50|1.50|4.00|4.00|OUI||
D7 59 00009 0|STE ATU TUNISIE|4.00|3.50|1.50|4.00|4.00|OUI||
D7 59 00011 1|STE ATU TUNISIE|4.00|3.50|1.50|4.00|4.00|OUI||
D7 59 00016 2|TAB|4.00|3.50|1.50|4.00|4.00|OUI||
D7 59 00017 0|TAB|4.00|3.50|1.50|4.00|4.00|OUI||
D9 50 00007 5|STE SWTF|4.00|3.50|1.50|4.00|4.00|OUI||
D9 50 00008 3|SOCIETE RAM|4.00|3.50|1.50|4.00|4.00|OUI||
D9 50 00010 5|SOCIETE SWT2|4.00|3.50|1.50|4.00|4.00|OUI||
D9 50 00011 3|SOCIETE SWT3|4.00|3.50|1.50|4.00|4.00|OUI||
D9 50 00016 4|STE LECTRIC|4.00|3.50|1.50|4.00|4.00|OUI||
D9 50 00017 2|SOCIETE REACTIV SARL|4.00|3.50|1.50|4.00|4.00|OUI||
D9 50 00027 0|STE AMPHENOL|4.00|3.50|1.50|4.00|4.00|OUI||
D9 51 00007 9|SOCIETE RAM|4.00|3.50|1.50|4.00|4.00|OUI||
D9 51 00015 0|SOCIETE REACTIV SARL|4.00|3.50|1.50|4.00|4.00|OUI||
D9 63 00001 5|STE SWT SARL|4.00|3.50|1.50|4.00|4.00|OUI||
K2 10 00005 3|GLOBAL PROCUREMENT|4.00|3.50|1.50|4.00|4.00|OUI||
K2 10 00033 9|MOUNA FOODS|4.00|3.50|1.50|4.00|4.00|OUI||
K2 10 00081 9|S.M.C +|4.00|3.50|1.50|4.00|4.00|OUI||
K2 10 00101 7|DELTA TRADING|.75|1.75|1.50|1.75|1.75|OUI||
K2 10 00109 2|MAYA TEX|4.00|3.50|1.50|4.00|4.00|OUI||
K2 10 00115 7|STE SIGMA COST CI|4.00|3.50|1.50|4.00|4.00|OUI||
K2 10 00125 4|STE SIGMA COST|4.00|3.50|1.50|4.00|4.00|OUI||
K2 50 00001 3|STE CALSINA CARRE|4.00|3.50|1.50|4.00|4.00|OUI||
K2 50 00008 0|SCHLEMMER|4.00|3.50|1.50|4.00|4.00|OUI||
K2 50 00010 2|INTERCABLE TUNISIE|4.00|3.50|1.50|4.00|4.00|OUI||
K2 50 00011 0|FRANKISHE TUNISIE|4.00|3.50|1.50|4.00|4.00|OUI||
K2 50 00015 3|STE THOR J.M.S|4.00|3.50|1.50|4.00|4.00|OUI||
K2 50 00017 0|METAL MADE|4.00|3.50|1.50|4.00|4.00|OUI||
K2 50 00018 8|AFC INDUSTRIE|4.00|3.50|1.50|4.00|4.00|OUI||
K2 50 00020 0|KNAUF AFRICA TRADE|4.00|3.50|1.50|4.00|4.00|OUI||
K2 50 00022 6|VALENTIN TUNISIE|4.00|3.50|1.50|4.00|4.00|OUI||
K2 50 00023 4|AEROTEAM-SERVICE-TUNISIE|4.00|3.50|1.50|4.00|4.00|OUI||
K2 50 00035 8|ADITEX SARL|4.00|3.50|1.50|4.00|4.00|OUI||
K2 50 00042 0|FRACAMA|4.00|3.50|1.50|4.00|4.00|OUI||
K2 50 00043 9|SOCIETE M.C.W|4.00|3.50|1.50|4.00|4.00|OUI||
K2 51 00001 7|STE CALSINA CARRE|4.00|3.50|1.50|4.00|4.00|OUI||
K2 51 00008 4|EUROTEX|4.00|3.50|1.50|4.00|4.00|OUI||
K2 51 00011 4|TECALU|4.00|3.50|1.50|4.00|4.00|OUI||
K2 51 00014 9|SCHLEMMER|4.00|3.50|1.50|4.00|4.00|OUI||
K2 51 00020 3|INTERCABLE TUNISIE|4.00|3.50|1.50|4.00|4.00|OUI||
K2 51 00021 1|FRANKISHE TUNISIE|4.00|3.50|1.50|4.00|4.00|OUI||
K2 51 00022 0|ADITEX SARL|4.00|3.50|1.50|4.00|4.00|OUI||
K2 51 00027 0|STE THOR J.M.S|4.00|3.50|1.50|4.00|4.00|OUI||
K2 51 00032 7|KNAUF AFRICA TRADE|.50|.50|1.50|.50|.50|OUI||
K2 51 00034 3|VALENTIN TUNISIE|4.00|3.50|1.50|4.00|4.00|OUI||
K2 51 00035 1|AFC INDUSTRIE|4.00|3.50|1.50|4.00|4.00|OUI||
K2 51 00037 8|METAL MADE|4.00|3.50|1.50|4.00|4.00|OUI||
K2 51 00051 3|KNAUF AFRICA TRADE|4.00|3.50|1.50|4.00|4.00|OUI||
K2 51 00063 7|SOCIETE GRADA MODE TUNISIE|4.00|3.50|1.50|4.00|4.00|OUI||
K2 51 00072 6|FRACAMA|4.00|3.50|1.50|4.00|4.00|OUI||
K2 53 00003 0||4.00|3.50|1.50|4.00|4.00|OUI||
K2 59 00001 6|GLOBAL PROCUREMENT|4.00|3.50|1.50|4.00|4.00|OUI||
K2 59 00004 0|MOUNA FOODS|4.00|3.50|1.50|4.00|4.00|OUI||
K2 59 00010 5|S.M.C +|4.00|3.50|1.50|4.00|4.00|OUI||
K2 59 00017 2|DELTA TRADING|4.00|3.50|1.50|4.00|4.00|OUI||
K2 59 00022 9|STE SIGMA COST CI|4.00|3.50|1.50|4.00|4.00|OUI||
K2 59 00023 7|MAYA TEX|4.00|3.50|1.50|4.00|4.00|OUI||
K2 62 00005 1|STE THOR J.M.S|4.00|3.50|1.50|4.00|4.00|OUI||
K2 63 00001 2|STE TECALU SARL|4.00|3.50|1.50|4.00|4.00|OUI||
K2 63 00005 5|CALSINA CARRE|4.00|3.50|1.50|4.00|4.00|OUI||
K2 63 00007 1|AEROTEAM SERVICE TUNISIE|4.00|3.50|1.50|4.00|4.00|OUI||
K2 65 00002 8|CALSINA CARRE|4.00|3.50|1.50|4.00|4.00|OUI||
K3 10 00078 6|SOCIETE AMIS CONFECTION|4.00|3.50|1.50|4.00|4.00|OUI||
K3 50 00006 1|LES DES D OR|4.00|3.50|1.50|4.00|4.00|OUI||
K3 50 00014 2|STE EVER WASH|4.00|3.50|1.50|4.00|4.00|OUI||
K3 51 00006 5|LES DES D OR|4.00|3.50|1.50|4.00|4.00|OUI||
K3 51 00041 3|STE EVER WASH|4.00|3.50|1.50|4.00|4.00|OUI||
K3 59 00005 6|SOCIETE AMIS CONFECTION|4.00|3.50|1.50|4.00|4.00|OUI||
K3 63 00001 0|METAL BOUTON TUNISIE|4.00|3.50|1.50|4.00|4.00|OUI||
K4 10 00044 9|PRECIMECA EXPORT-SARL|4.00|3.50|1.50|4.00|4.00|OUI||
K4 50 00006 9|CLERPREM TUNISIE|4.00|3.50|1.50|4.00|4.00|OUI||
K4 50 00015 8|MARTELLI AT CONSER|4.00|3.50|1.50|4.00|4.00|OUI||
K4 50 00024 7|MEDICA MEDITERRANEE SARL|4.00|3.50|1.50|4.00|4.00|OUI||
K4 50 00025 5|TUNELEC|4.00|3.50|1.50|4.00|4.00|OUI||
K4 51 00003 8|CLERPREM TUNISIE|4.00|3.50|1.50|4.00|4.00|OUI||
K4 51 00015 1|MARTELLI ET CONSER|4.00|3.50|1.50|4.00|4.00|OUI||
K4 51 00031 3|MEDICA MEDITERRANNEE|4.00|3.50|1.50|4.00|4.00|OUI||
K4 51 00033 0|TUNELEC|4.00|3.50|1.50|4.00|4.00|OUI||
K4 59 00003 7|PRECIMECA EXPORT-SARL|4.00|3.50|1.50|4.00|4.00|OUI||
K4 63 00001 7|CLERPREM TUNISIE|4.00|3.50|1.50|4.00|4.00|OUI||
K4 63 00002 5|MARTELLI ET GONSER TUNISIA|4.00|3.50|1.50|4.00|4.00|OUI||
K4 63 00003 3|TUNELEC|4.00|3.50|1.50|4.00|4.00|OUI||
K4 65 00001 4|MARTELLI ET GONSER TUNISIA|4.00|3.50|1.50|4.00|4.00|OUI||
K5 50 00012 0|STE S T I|4.00|3.50|1.50|4.00|4.00|OUI||
K5 50 00013 9|YAMAICHI ELECTRONIC TUNISIE|4.00|3.50|1.50|4.00|4.00|OUI||
K5 51 00022 1|STE S T I|4.00|3.50|1.50|4.00|4.00|OUI||
K5 63 00001 4|YAMAICHI ELECTRONIC TUNISIE|4.00|3.50|1.50|4.00|4.00|OUI||
K5 65 00001 1|SOCIETE M.P.C II|4.00|3.50|1.50|4.00|4.00|OUI||
K6 10 00048 6|SOCIETE  3 N  SARL|4.00|3.50|1.50|4.00|4.00|OUI||
K6 10 00049 4|STE JOLIESSE 2|4.00|3.50|1.50|4.00|4.00|OUI||
K6 10 00052 4|STE NEW CONFECTION|4.00|3.50|1.50|4.00|4.00|OUI||
K6 10 00071 0|IDEAL CONFECTION PLUS|4.00|3.50|1.50|4.00|4.00|OUI||
K6 10 00083 4|JIHED TEXTILE|4.00|3.50|1.50|4.00|4.00|OUI||
K6 10 00107 5|STE JOLIE BROD|4.00|3.50|1.50|4.00|4.00|OUI||
K6 10 00121 0|STE NOURCHAINE CONFECTION 2|4.00|3.50|1.50|4.00|4.00|OUI||
K6 10 00143 1|STE INTERNATIONAL PRINT|4.00|3.50|1.50|4.00|4.00|OUI||
K6 10 00172 5|STE CONFECTION SIDI ALOUANE|4.00|3.50|1.50|4.00|4.00|OUI||
K6 59 00003 1|STE JOLIESSE 2|4.00|3.50|1.50|4.00|4.00|OUI||
K6 59 00006 6|STE NEW CONFECTION|4.00|3.50|1.50|4.00|4.00|OUI||
K6 59 00011 2|IDEAL CONFECTION PLUS|4.00|3.50|1.50|4.00|4.00|OUI||
K6 59 00014 7|STE JIHED TEXTIL|4.00|3.50|1.50|4.00|4.00|OUI||
K6 59 00019 8|STE INTERNATIONAL PRINT|4.00|3.50|1.50|4.00|4.00|OUI||
K6 59 00021 0|STE NOURCHAINE CONFECTION 2|4.00|3.50|1.50|4.00|4.00|OUI||
K8 50 00004 1|TOPEKA|4.00|3.50|1.50|4.00|4.00|OUI||
K8 50 00009 2||4.00|3.50|1.50|4.00|4.00|OUI||
K8 51 00007 0|TOPEKA|4.00|3.50|1.50|4.00|4.00|OUI||
K8 51 00012 6||4.00|3.50|1.50|4.00|4.00|OUI||
K8 65 00002 1|TOPEKA|4.00|3.50|1.50|4.00|4.00|OUI||
K9 50 00074 0|STE AG SERVICES|4.00|3.50|1.50|4.00|4.00|OUI||
K9 51 00161 8|STE AG SERVICES|4.00|3.50|1.50|4.00|4.00|OUI||
L1 50 00004 6|STE NEW WAY SHOES|4.00|3.50|1.50|4.00|4.00|OUI||
L1 51 00004 0|STE NEW WAY SHOES|4.00|3.50|1.50|4.00|4.00|OUI||
L2 10 00014 8|STE BROD CENTER|4.00|.25|1.50|4.00|4.00|OUI||
L2 50 00014 0|STE COMMECA TUNISIE|4.00|3.50|1.50|4.00|4.00|OUI||
L2 50 00050 7|MIVV TUNISIA|4.00|3.50|1.50|4.00|4.00|OUI||
L2 51 00055 1|MIVV TUNISIA|4.00|3.50|1.50|4.00|4.00|OUI||
L2 59 00001 1|STE BROD CENTER|4.00|3.50|1.50|4.00|4.00|OUI||
L4 10 00095 9|SMART& PROFESSIONAL SOLUTTIONS|4.00|3.50|1.50|4.00|4.00|OUI||
L4 10 00102 5|MAHDI SELLAMI DECOVET|4.00|3.50|1.50|4.00|4.00|OUI||
L4 20 00802 8|MAHDI SELLAMI DECOVET|4.00|3.50|1.50|4.00|4.00|OUI||
L4 32 00038 3|SMART& PROFESSIONAL SOLUTTIONS|4.00|3.50|1.50|4.00|4.00|OUI||
L6 50 00005 0|COROPLAST TUNISIE SARL|4.00|3.50|1.50|4.00|4.00|OUI||
L6 51 00005 4|COROPLAST TUNISIE SARL|4.00|3.50|1.50|4.00|4.00|OUI||
L7 10 00007 1|STE LE NAPPAGE|4.00|3.50|1.50|4.00|4.00|OUI||
L7 10 00019 5|CHATEX|4.00|3.50|1.50|4.00|4.00|OUI||
L7 10 00040 3|YASSINE CHAUSSURE|4.00|3.50|1.50|4.00|4.00|OUI||
L7 50 00006 6|C I E T|4.00|3.50|1.50|4.00|4.00|OUI||
L7 50 00013 9|STE NAOUM|4.00|3.50|1.50|4.00|4.00|OUI||
L7 51 00017 5|C I E T|4.00|3.50|1.50|4.00|4.00|OUI||
L7 51 00057 4|STE NAOUM|4.00|3.50|1.50|4.00|4.00|OUI||
L7 59 00007 7|STE LE NAPPAGE|4.00|3.50|1.50|4.00|4.00|OUI||
L7 59 00019 0|CHATEX|4.00|3.50|1.50|4.00|4.00|OUI||
L7 59 00040 9|YASSINE CHAUSSURE|4.00|3.50|1.50|4.00|4.00|OUI||
L9 10 00001 7|STE ATU TUNISIE|.25|.25|1.50|.25|.25|OUI||
L9 10 00002 5|STE ATU TUNISIE SARL|4.00|3.50|1.50|4.00|4.00|OUI||
L9 59 00001 2|STE ATU TUNISIE|4.00|3.50|1.50|4.00|4.00|OUI||
L9 59 00002 0|STE ATU TUNISIE|4.00|3.50|1.50|4.00|4.00|OUI||
L9 59 00003 9|STE ATU TUNISIE|4.00|3.50|1.50|4.00|4.00|OUI||
L9 59 00004 7|STE ATU TUNISIE|4.00|3.50|1.50|4.00|4.00|OUI||
M1 50 00001 7|KROMBERG & SCHUBERT CENTR TECH|4.00|3.50|1.50|4.00|4.00|OUI||
M1 51 00001 0|KROMBERG & SCHUBERT CENTR TECH|4.00|3.50|1.50|4.00|4.00|OUI||
M1 62 00001 2||4.00|3.50|1.50|4.00|4.00|OUI||
M1 63 00001 6|KROMBERG & SCHUBERT CENTR TECH|4.00|3.50|1.50|4.00|4.00|OUI||
M4 51 00115 9|FRACAMA|4.00|3.50|1.50|4.00|4.00|OUI||
M5 10 00051 0|STE LIBERTEX|4.00|3.50|1.50|4.00|4.00|OUI||
M5 10 00052 8|STE RAHMATEX|4.00|3.50|1.50|4.00|4.00|OUI||
M5 50 00022 9|STE ART METAL|4.00|3.50|1.50|4.00|4.00|OUI||
M5 50 00038 5|STE AS-PROD|4.00|3.50|1.50|4.00|4.00|OUI||
M5 51 00040 0|STE ART METAL|4.00|3.50|1.50|4.00|4.00|OUI||
M5 51 00085 0|STE AS-PROD|4.00|3.50|1.50|4.00|4.00|OUI||
M5 51 00155 5|STE AGIC PLUS|4.00|3.50|1.50|4.00|4.00|OUI||
M5 51 00156 3|STE AGIC PLUS|4.00|3.50|1.50|4.00|4.00|OUI||
M5 59 00006 0|STE LIBERTEX|4.00|3.50|1.50|4.00|4.00|OUI||
M5 63 00001 5|STE AS-PROD|4.00|3.50|1.50|4.00|4.00|OUI||
M8 50 00001 8|STE LOGALaBE|4.00|3.50|1.50|4.00|4.00|OUI||
GH 50 00001 8|STE LOGALBE|4.00|3.50|1.50|4.00|4.00|OUI||
